# timestamp(s) tx ty tz qx qy qz qw Pr11 Pr12 Pr13 Pr22 Pr23 Pr33 Pt11 Pt12 Pt13 Pt22 Pt23 Pt33
1403638162.81841 -1.690554 7.089510 2.760290 -0.449663 -0.691302 -0.286171 0.487864
1403638162.88508 -1.669655 7.152134 2.788461 -0.453557 -0.688189 -0.285644 0.488968
1403638162.95174 -1.647184 7.215478 2.819839 -0.456748 -0.682712 -0.286492 0.493161
1403638163.01841 -1.623061 7.279906 2.852539 -0.457579 -0.676640 -0.290546 0.498360
1403638163.08508 -1.596903 7.344722 2.881328 -0.459394 -0.670581 -0.294418 0.502590
1403638163.15174 -1.568394 7.409323 2.902044 -0.462825 -0.666767 -0.298454 0.502136
1403638163.21841 -1.537361 7.473575 2.915086 -0.467110 -0.664729 -0.303890 0.497588
1403638163.28508 -1.504253 7.537533 2.922440 -0.471964 -0.662550 -0.310719 0.491661
1403638163.35174 -1.469321 7.601007 2.926739 -0.477403 -0.659244 -0.318784 0.485653
1403638163.41841 -1.432752 7.663780 2.929195 -0.483731 -0.654523 -0.326959 0.480313
1403638163.48508 -1.395047 7.725168 2.930338 -0.490556 -0.649864 -0.333048 0.475510
1403638163.55174 -1.356717 7.785000 2.933626 -0.496304 -0.645721 -0.337457 0.472069
1403638163.61841 -1.317476 7.842765 2.939028 -0.500935 -0.642938 -0.340465 0.468806
1403638163.68508 -1.277848 7.899772 2.948560 -0.503795 -0.640696 -0.343646 0.466484
1403638163.75174 -1.237904 7.955909 2.961925 -0.505780 -0.638978 -0.345900 0.465023
1403638163.81841 -1.197669 8.010858 2.979180 -0.506992 -0.637082 -0.347534 0.465085
1403638163.88508 -1.156996 8.064387 2.999466 -0.508499 -0.635458 -0.347199 0.465913
1403638163.95174 -1.115738 8.116749 3.022541 -0.510452 -0.634725 -0.345278 0.466204
1403638164.01841 -1.073801 8.168538 3.048285 -0.512812 -0.633767 -0.341573 0.467644
1403638164.08508 -1.030846 8.220198 3.077439 -0.514110 -0.632985 -0.338711 0.469356
1403638164.15174 -0.986477 8.271558 3.109318 -0.514721 -0.631844 -0.336401 0.471879
1403638164.21841 -0.940363 8.322430 3.141507 -0.514399 -0.630783 -0.335070 0.474589
1403638164.28508 -0.892547 8.372912 3.172029 -0.513606 -0.629764 -0.334459 0.477224
1403638164.35174 -0.842764 8.422744 3.200001 -0.512784 -0.628975 -0.334004 0.479462
1403638164.41841 -0.790974 8.471641 3.225420 -0.511754 -0.628868 -0.333679 0.480927
1403638164.48508 -0.737108 8.519817 3.248370 -0.511642 -0.629115 -0.332230 0.481726
1403638164.55174 -0.681020 8.567265 3.269447 -0.512210 -0.628366 -0.330274 0.483442
1403638164.61841 -0.622301 8.613814 3.288351 -0.513725 -0.627209 -0.328898 0.484274
1403638164.68508 -0.560264 8.659389 3.304983 -0.515622 -0.625930 -0.330849 0.482581
1403638164.75174 -0.495211 8.704126 3.319628 -0.515997 -0.624617 -0.336801 0.479755
1403638164.81841 -0.427790 8.747719 3.332998 -0.512872 -0.624974 -0.347566 0.474941
1403638164.88508 -0.358755 8.790044 3.345256 -0.508806 -0.625437 -0.359071 0.470120
1403638164.95174 -0.289415 8.830546 3.355592 -0.507104 -0.624263 -0.366300 0.467938
1403638165.01841 -0.220377 8.868706 3.363731 -0.508822 -0.618869 -0.368824 0.471244
1403638165.08508 -0.151235 8.904060 3.368909 -0.514209 -0.611801 -0.368104 0.475172
1403638165.15174 -0.081112 8.937198 3.371292 -0.520945 -0.607808 -0.365917 0.474647
1403638165.21841 -0.009917 8.967696 3.371097 -0.527579 -0.608220 -0.363181 0.468859
1403638165.28508 0.062280 8.996225 3.368427 -0.535001 -0.610084 -0.358386 0.461661
1403638165.35174 0.135515 9.023886 3.364198 -0.541645 -0.609425 -0.353892 0.458239
1403638165.41841 0.209968 9.051479 3.358525 -0.545357 -0.607524 -0.352910 0.457115
1403638165.48507 0.286182 9.079487 3.351963 -0.544646 -0.604445 -0.357643 0.458365
1403638165.55174 0.364106 9.106908 3.344190 -0.541306 -0.600544 -0.365717 0.461070
1403638165.61841 0.443409 9.133185 3.334521 -0.536288 -0.596536 -0.375245 0.464469
1403638165.68507 0.523698 9.157159 3.322635 -0.531283 -0.593250 -0.383822 0.467412
1403638165.75174 0.604854 9.177811 3.307731 -0.527667 -0.592151 -0.390088 0.467713
1403638165.81841 0.686336 9.194567 3.290211 -0.527559 -0.594345 -0.390900 0.464364
1403638165.88507 0.768044 9.207598 3.272604 -0.530101 -0.598380 -0.387511 0.459097
1403638165.95174 0.849889 9.217438 3.257629 -0.532230 -0.602705 -0.384327 0.453618
1403638166.01841 0.931551 9.225085 3.246029 -0.535612 -0.606972 -0.379084 0.448331
1403638166.08507 1.012972 9.231879 3.239092 -0.537098 -0.611588 -0.376248 0.442633
1403638166.15174 1.093783 9.237697 3.237427 -0.536673 -0.615896 -0.375526 0.437760
1403638166.21841 1.173292 9.243967 3.243603 -0.535739 -0.618940 -0.374716 0.435298
1403638166.28507 1.251384 9.250531 3.259131 -0.534251 -0.620702 -0.374685 0.434644
1403638166.35174 1.327976 9.256805 3.283413 -0.532446 -0.622896 -0.375174 0.433297
1403638166.41841 1.403131 9.261671 3.314133 -0.531364 -0.624533 -0.375107 0.432326
1403638166.48507 1.476395 9.265203 3.347517 -0.530443 -0.625866 -0.374931 0.431681
1403638166.55174 1.548075 9.268663 3.378645 -0.529961 -0.625939 -0.374039 0.432939
1403638166.61841 1.617890 9.270731 3.407213 -0.529460 -0.626167 -0.373421 0.433756
1403638166.68507 1.686127 9.272571 3.432227 -0.530336 -0.625669 -0.371041 0.435443
1403638166.75174 1.752769 9.274648 3.453458 -0.532966 -0.624627 -0.366162 0.437851
1403638166.81841 1.818345 9.277244 3.470335 -0.538624 -0.623804 -0.356943 0.439709
1403638166.88507 1.883753 9.280719 3.482849 -0.546088 -0.624609 -0.345283 0.438669
1403638166.95174 1.949912 9.285979 3.492318 -0.551995 -0.627016 -0.335911 0.435105
1403638167.01841 2.016965 9.293942 3.500284 -0.554923 -0.630401 -0.331253 0.430030
1403638167.08507 2.084949 9.305549 3.509327 -0.555484 -0.633263 -0.330128 0.425947
1403638167.15174 2.153653 9.321369 3.521330 -0.553785 -0.635848 -0.332497 0.422452
1403638167.21841 2.222150 9.341803 3.537070 -0.551187 -0.637632 -0.336165 0.420252
1403638167.28507 2.290097 9.366339 3.556226 -0.548677 -0.638547 -0.339914 0.419129
1403638167.35174 2.357050 9.395183 3.577952 -0.547233 -0.638504 -0.342399 0.419061
1403638167.41841 2.423045 9.426976 3.600820 -0.546664 -0.637401 -0.343977 0.420188
1403638167.48507 2.488101 9.461859 3.622310 -0.546165 -0.635024 -0.345522 0.423158
1403638167.55174 2.552680 9.499314 3.641266 -0.545467 -0.631510 -0.347474 0.427695
1403638167.61841 2.616894 9.538672 3.657332 -0.546795 -0.626029 -0.347482 0.434003
1403638167.68507 2.681549 9.579467 3.670165 -0.550114 -0.619520 -0.347344 0.439229
1403638167.75174 2.747303 9.621720 3.680075 -0.554941 -0.612711 -0.348033 0.442153
1403638167.81841 2.814652 9.665321 3.687649 -0.561649 -0.605016 -0.348626 0.443809
1403638167.88507 2.884205 9.710313 3.693490 -0.568415 -0.597726 -0.351215 0.443030
1403638167.95174 2.956082 9.756233 3.697837 -0.575144 -0.590150 -0.355415 0.441150
1403638168.01841 3.030353 9.803074 3.701614 -0.581408 -0.583462 -0.360489 0.437703
1403638168.08507 3.106795 9.851266 3.707790 -0.587000 -0.577139 -0.364506 0.435289
1403638168.15174 3.185817 9.900686 3.716387 -0.591779 -0.571740 -0.369307 0.431884
1403638168.21841 3.267823 9.950959 3.727612 -0.596472 -0.566820 -0.375467 0.426569
1403638168.28507 3.352734 9.999043 3.742905 -0.601479 -0.562177 -0.382108 0.419730
1403638168.35174 3.439814 10.047133 3.761267 -0.606337 -0.556243 -0.389600 0.413716
1403638168.41841 3.528599 10.095665 3.782640 -0.611037 -0.550750 -0.396870 0.407188
1403638168.48507 3.618601 10.144535 3.804332 -0.615002 -0.548875 -0.403022 0.397594
1403638168.55174 3.708890 10.194133 3.823511 -0.618204 -0.550218 -0.407659 0.385873
1403638168.61841 3.799239 10.245151 3.839701 -0.620849 -0.552590 -0.411038 0.374484
1403638168.68507 3.888855 10.297800 3.852851 -0.622521 -0.554574 -0.413983 0.365421
1403638168.75174 3.976499 10.351447 3.862686 -0.623799 -0.555736 -0.415536 0.359671
1403638168.81841 4.061979 10.406193 3.869637 -0.624970 -0.556423 -0.415903 0.356132
1403638168.88507 4.145412 10.463076 3.874014 -0.625571 -0.557396 -0.415962 0.353478
1403638168.95174 4.226553 10.522689 3.876085 -0.625759 -0.558011 -0.415532 0.352680
1403638169.01840 4.305394 10.585077 3.876235 -0.623757 -0.558091 -0.417015 0.354345
1403638169.08507 4.381978 10.649746 3.874487 -0.620772 -0.555550 -0.419443 0.360656
1403638169.15174 4.456355 10.715328 3.869971 -0.618871 -0.552368 -0.419823 0.368290
1403638169.21840 4.529093 10.781426 3.862641 -0.618660 -0.547946 -0.418242 0.376946
1403638169.28507 4.601231 10.848986 3.852595 -0.620370 -0.540936 -0.416425 0.386161
1403638169.35174 4.673371 10.916280 3.840065 -0.624027 -0.529565 -0.415222 0.397168
1403638169.41840 4.746983 10.982600 3.825790 -0.628148 -0.517386 -0.416266 0.405542
1403638169.48507 4.822802 11.046620 3.811346 -0.632456 -0.505944 -0.419892 0.409525
1403638169.55174 4.901707 11.107918 3.799110 -0.636938 -0.496083 -0.425416 0.408941
1403638169.61840 4.984120 11.166164 3.789413 -0.642004 -0.488240 -0.432199 0.403307
1403638169.68507 5.069071 11.220485 3.781990 -0.647329 -0.482336 -0.440204 0.393113
1403638169.75174 5.157076 11.273241 3.777648 -0.652877 -0.476699 -0.448906 0.380780
1403638169.81840 5.246426 11.322108 3.777182 -0.657629 -0.471876 -0.459788 0.365311
1403638169.88507 5.336317 11.368908 3.780969 -0.662156 -0.466301 -0.471056 0.349598
1403638169.95174 5.425162 11.413648 3.788490 -0.664262 -0.458507 -0.485242 0.336256
1403638170.01840 5.511869 11.456642 3.799046 -0.666803 -0.446898 -0.498106 0.327941
1403638170.08507 5.595972 11.497508 3.809940 -0.671505 -0.433283 -0.507520 0.322135
1403638170.15174 5.677240 11.535642 3.818325 -0.678795 -0.418754 -0.513083 0.317220
1403638170.21840 5.755696 11.570429 3.823245 -0.687544 -0.403912 -0.516336 0.312306
1403638170.28507 5.831311 11.601772 3.824817 -0.696852 -0.389040 -0.518185 0.307457
1403638170.35174 5.905721 11.630343 3.823782 -0.706710 -0.374673 -0.518910 0.301518
1403638170.41840 5.978193 11.655259 3.819745 -0.716207 -0.361740 -0.519599 0.293612
1403638170.48507 6.049843 11.677289 3.814677 -0.725162 -0.347661 -0.519975 0.287919
1403638170.55174 6.120903 11.696469 3.810929 -0.732304 -0.332019 -0.521590 0.285374
1403638170.61840 6.192171 11.712476 3.810559 -0.737106 -0.316713 -0.525908 0.282469
1403638170.68507 6.263820 11.724457 3.814305 -0.740754 -0.302665 -0.531491 0.277839
1403638170.75174 6.335222 11.731494 3.821597 -0.744957 -0.290419 -0.535767 0.271387
1403638170.81840 6.405907 11.733909 3.830863 -0.749238 -0.279065 -0.539587 0.263840
1403638170.88507 6.475871 11.731704 3.839627 -0.753472 -0.268802 -0.543232 0.254801
1403638170.95174 6.545070 11.724874 3.845731 -0.757652 -0.258466 -0.546627 0.245676
1403638171.01840 6.613776 11.713897 3.849317 -0.760837 -0.247790 -0.550827 0.237313
1403638171.08507 6.681927 11.699467 3.851203 -0.763400 -0.237444 -0.554576 0.230840
1403638171.15174 6.749674 11.681502 3.853082 -0.765388 -0.228690 -0.557537 0.225910
1403638171.21840 6.815487 11.659619 3.852546 -0.766781 -0.220793 -0.559978 0.222985
1403638171.28507 6.880149 11.633867 3.851041 -0.767801 -0.215319 -0.561831 0.220147
1403638171.35174 6.943249 11.603971 3.848645 -0.768465 -0.210673 -0.563310 0.218541
1403638171.41840 7.005091 11.569532 3.845399 -0.768822 -0.206024 -0.565140 0.216987
1403638171.48507 7.065756 11.530668 3.841287 -0.769141 -0.201052 -0.566995 0.215680
1403638171.55174 7.125089 11.487399 3.836405 -0.769084 -0.195872 -0.568903 0.215625
1403638171.61840 7.183285 11.439167 3.830594 -0.769298 -0.190237 -0.570767 0.214977
1403638171.68507 7.240001 11.385675 3.823908 -0.769979 -0.183196 -0.572361 0.214414
1403638171.75174 7.295238 11.326763 3.816482 -0.770975 -0.175708 -0.573987 0.212752
1403638171.81840 7.348803 11.262185 3.809969 -0.771716 -0.168341 -0.575612 0.211629
1403638171.88507 7.400684 11.191431 3.805875 -0.771411 -0.161195 -0.578218 0.211198
1403638171.95174 7.450801 11.113960 3.804795 -0.769767 -0.156675 -0.582708 0.208236
1403638172.01840 7.498856 11.029999 3.806511 -0.769166 -0.154506 -0.585788 0.203382
1403638172.08507 7.544238 10.939882 3.810231 -0.769092 -0.153464 -0.587823 0.198521
1403638172.15174 7.586872 10.844382 3.813749 -0.769511 -0.152775 -0.588599 0.195099
1403638172.21840 7.626868 10.744295 3.813978 -0.770411 -0.152426 -0.588316 0.192659
1403638172.28507 7.664312 10.640076 3.810960 -0.770875 -0.152783 -0.588361 0.190366
1403638172.35174 7.701231 10.533172 3.808409 -0.770773 -0.153160 -0.588832 0.189017
1403638172.41840 7.734747 10.422172 3.797892 -0.770191 -0.153217 -0.589439 0.189455
1403638172.48507 7.766642 10.307946 3.782680 -0.768854 -0.152641 -0.590750 0.191256
1403638172.55173 7.796729 10.190366 3.763407 -0.767580 -0.152187 -0.591776 0.193549
1403638172.61840 7.824210 10.068213 3.740539 -0.766401 -0.151849 -0.592431 0.196460
1403638172.68507 7.848635 9.941067 3.714145 -0.766118 -0.152049 -0.591864 0.199101
1403638172.75173 7.870587 9.809018 3.685616 -0.766056 -0.152931 -0.591153 0.200770
1403638172.81840 7.890217 9.671940 3.655271 -0.765782 -0.153343 -0.590496 0.203418
1403638172.88507 7.907527 9.529792 3.622979 -0.765923 -0.154223 -0.589280 0.205734
1403638172.95173 7.922475 9.382546 3.588880 -0.767258 -0.154837 -0.586254 0.208919
1403638173.01840 7.935470 9.230265 3.552449 -0.769470 -0.155781 -0.582078 0.211737
1403638173.08507 7.947026 9.073146 3.513108 -0.772669 -0.156734 -0.576446 0.214772
1403638173.15173 7.958352 8.911379 3.470786 -0.775554 -0.158922 -0.571822 0.215126
1403638173.21840 7.969497 8.744696 3.425654 -0.777086 -0.162533 -0.569674 0.212583
1403638173.28507 7.980564 8.573553 3.378292 -0.778050 -0.166969 -0.568681 0.208234
1403638173.35173 7.991693 8.398929 3.328228 -0.778912 -0.172711 -0.568264 0.201353
1403638173.41840 8.002783 8.221510 3.274951 -0.778123 -0.179630 -0.570581 0.191558
1403638173.48507 8.013755 8.042661 3.216314 -0.778411 -0.186087 -0.571157 0.182287
1403638173.55173 8.025187 7.863626 3.155051 -0.777873 -0.190704 -0.572626 0.175057
1403638173.61840 8.036841 7.685168 3.092653 -0.777946 -0.192737 -0.572891 0.171605
1403638173.68507 8.047234 7.507087 3.028302 -0.778202 -0.193182 -0.572823 0.170167
1403638173.75173 8.056187 7.328991 2.962297 -0.778690 -0.192920 -0.572396 0.169665
1403638173.81840 8.064319 7.151476 2.896199 -0.779370 -0.191962 -0.571767 0.169754
1403638173.88507 8.070621 6.974262 2.832241 -0.780190 -0.192104 -0.571000 0.168399
1403638173.95173 8.037827 6.763333 2.771512 -0.780010 -0.191795 -0.571321 0.168497
1403638174.01840 7.976099 6.528637 2.713080 -0.780813 -0.191758 -0.570391 0.167970
1403638174.08507 7.968879 6.346216 2.657759 -0.781218 -0.191340 -0.569935 0.168111
1403638174.15173 7.960520 6.164170 2.603880 -0.781969 -0.192113 -0.569074 0.166648
1403638174.21840 7.951466 5.983498 2.549618 -0.784386 -0.193309 -0.565790 0.165083
1403638174.28507 7.941385 5.803693 2.492824 -0.787810 -0.194708 -0.560880 0.163886
1403638174.35173 7.931534 5.624999 2.433690 -0.790589 -0.196045 -0.556900 0.162474
1403638174.41840 7.921924 5.447725 2.372515 -0.793001 -0.197252 -0.553322 0.161482
1403638174.48507 7.912657 5.272093 2.312058 -0.794528 -0.198104 -0.550851 0.161380
1403638174.55173 7.904490 5.098472 2.253037 -0.796584 -0.199172 -0.547690 0.160686
1403638174.61840 7.897745 4.926395 2.196757 -0.798512 -0.201799 -0.544863 0.157417
1403638174.68507 7.891870 4.755940 2.142963 -0.800549 -0.204380 -0.541846 0.154117
1403638174.75173 7.887071 4.587360 2.091985 -0.802812 -0.206173 -0.538420 0.151949
1403638174.81840 7.883094 4.421202 2.044690 -0.804798 -0.207374 -0.535477 0.150202
1403638174.88507 7.880739 4.258497 2.000193 -0.805632 -0.208615 -0.534212 0.148507
1403638174.95173 7.878947 4.098618 1.957984 -0.806415 -0.209089 -0.533187 0.147267
1403638175.01840 7.878656 3.942041 1.918867 -0.806087 -0.209215 -0.533930 0.146194
1403638175.08507 7.880438 3.789099 1.882074 -0.805995 -0.208862 -0.534360 0.145632
1403638175.15173 7.884153 3.639522 1.848473 -0.805572 -0.208764 -0.535474 0.144010
1403638175.21840 7.889698 3.493418 1.817511 -0.805694 -0.208658 -0.535734 0.142507
1403638175.28507 7.896963 3.350751 1.789337 -0.807156 -0.209101 -0.533967 0.140194
1403638175.35173 7.905463 3.211413 1.764317 -0.810416 -0.209895 -0.529447 0.137316
1403638175.41840 7.915181 3.075516 1.742502 -0.813487 -0.212107 -0.524998 0.132765
1403638175.48507 7.928334 2.944736 1.724017 -0.816962 -0.214985 -0.519650 0.127742
1403638175.55173 7.944979 2.819522 1.709983 -0.821170 -0.217754 -0.512906 0.123252
1403638175.61840 7.964330 2.699793 1.699707 -0.825945 -0.218911 -0.505178 0.121190
1403638175.68507 7.987352 2.585827 1.692183 -0.830258 -0.220335 -0.497855 0.119432
1403638175.75173 8.014751 2.477785 1.686705 -0.833232 -0.221218 -0.492614 0.118821
1403638175.81840 8.047013 2.375547 1.679233 -0.835260 -0.222838 -0.488863 0.117033
1403638175.88507 8.084170 2.278790 1.666727 -0.835614 -0.224983 -0.487775 0.114924
1403638175.95173 8.126332 2.187928 1.650114 -0.834005 -0.228435 -0.489701 0.111565
1403638176.01840 8.173730 2.104076 1.631981 -0.829615 -0.231614 -0.496181 0.109080
1403638176.08506 8.225455 2.027158 1.613349 -0.822142 -0.233939 -0.507630 0.108018
1403638176.15173 8.280711 1.957438 1.596378 -0.812363 -0.233564 -0.522780 0.110525
1403638176.21840 8.337827 1.894162 1.581778 -0.803300 -0.228805 -0.536958 0.118461
1403638176.28506 8.395322 1.835756 1.569526 -0.795978 -0.224866 -0.548056 0.124457
1403638176.35173 8.451670 1.780920 1.559008 -0.791757 -0.222718 -0.554354 0.127315
1403638176.41840 8.506774 1.729471 1.550100 -0.789977 -0.221972 -0.557141 0.127509
1403638176.48506 8.560529 1.681469 1.543722 -0.789606 -0.222199 -0.557801 0.126520
1403638176.55173 8.612346 1.636762 1.539568 -0.789990 -0.222236 -0.557457 0.125577
1403638176.61840 8.662470 1.595553 1.537266 -0.790833 -0.222630 -0.556377 0.124351
1403638176.68506 8.711605 1.558143 1.538464 -0.791372 -0.222643 -0.555752 0.123694
1403638176.75173 8.759494 1.524488 1.543395 -0.791817 -0.222411 -0.555208 0.123702
1403638176.81840 8.805190 1.494195 1.551455 -0.792254 -0.221082 -0.554684 0.125626
1403638176.88506 8.847219 1.466416 1.561385 -0.793470 -0.218961 -0.553150 0.128400
1403638176.95173 8.888029 1.441267 1.571180 -0.793964 -0.218652 -0.552510 0.128626
1403638177.01840 8.925451 1.417935 1.579565 -0.794339 -0.219552 -0.551942 0.127211
1403638177.08506 8.961436 1.397020 1.585393 -0.794503 -0.220888 -0.551680 0.124990
1403638177.15173 8.997081 1.378981 1.588052 -0.794264 -0.222124 -0.552057 0.122632
1403638177.21840 9.032180 1.363937 1.587156 -0.794040 -0.223229 -0.552324 0.120862
1403638177.28506 9.066588 1.351904 1.583300 -0.793877 -0.223629 -0.552598 0.119934
1403638177.35173 9.100217 1.343135 1.576987 -0.793668 -0.223761 -0.552945 0.119473
1403638177.41840 9.132624 1.337383 1.568229 -0.794153 -0.223401 -0.552447 0.119229
1403638177.48506 9.164136 1.335144 1.557163 -0.795236 -0.220487 -0.551361 0.122415
1403638177.55173 9.194266 1.335893 1.544278 -0.796754 -0.215008 -0.549764 0.129282
1403638177.61840 9.223629 1.338719 1.529509 -0.798285 -0.208706 -0.548029 0.137283
1403638177.68506 9.253014 1.342742 1.512750 -0.799670 -0.202993 -0.546522 0.143654
1403638177.75173 9.282831 1.347298 1.494212 -0.800206 -0.196325 -0.546561 0.149658
1403638177.81840 9.313383 1.351944 1.474716 -0.798606 -0.189736 -0.549663 0.155238
1403638177.88506 9.344534 1.355937 1.455261 -0.795450 -0.184318 -0.554785 0.159685
1403638177.95173 9.375614 1.358168 1.437550 -0.792244 -0.180639 -0.559958 0.161761
1403638178.01840 9.406472 1.358089 1.422805 -0.789446 -0.178487 -0.564692 0.161370
1403638178.08506 9.437198 1.355237 1.411293 -0.787911 -0.176870 -0.568649 0.156693
1403638178.15173 9.467731 1.350070 1.403517 -0.787619 -0.172450 -0.571852 0.151335
1403638178.21840 9.496505 1.341958 1.398590 -0.787773 -0.164710 -0.575194 0.146413
1403638178.28506 9.524393 1.331427 1.398415 -0.788624 -0.154822 -0.578196 0.140681
1403638178.35173 9.550528 1.318299 1.402433 -0.789830 -0.143159 -0.581142 0.133967
1403638178.41840 9.573897 1.302462 1.407361 -0.792309 -0.129970 -0.582588 0.126277
1403638178.48506 9.594892 1.284189 1.410447 -0.796633 -0.115536 -0.581547 0.117604
1403638178.55173 9.613813 1.263492 1.410910 -0.802262 -0.100454 -0.578338 0.108676
1403638178.61840 9.631947 1.240662 1.410174 -0.807555 -0.085130 -0.574933 0.100299
1403638178.68506 9.648799 1.215691 1.407431 -0.811110 -0.070330 -0.573369 0.091670
1403638178.75173 9.665915 1.188436 1.404033 -0.813387 -0.055715 -0.573041 0.083197
1403638178.81840 9.682013 1.159051 1.398445 -0.815773 -0.043265 -0.572074 0.073302
1403638178.88506 9.698478 1.127803 1.391397 -0.818947 -0.032739 -0.569309 0.064347
1403638178.95173 9.714618 1.095051 1.382524 -0.822377 -0.024595 -0.565581 0.056645
1403638179.01840 9.730845 1.060995 1.371657 -0.826269 -0.018973 -0.560768 0.049595
1403638179.08506 9.748076 1.025497 1.359097 -0.829481 -0.015644 -0.556693 0.042531
1403638179.15173 9.766522 0.988571 1.344695 -0.831972 -0.012515 -0.553541 0.035457
1403638179.21840 9.786572 0.950484 1.328746 -0.833982 -0.009727 -0.551025 0.027399
1403638179.28506 9.808684 0.911809 1.311052 -0.836073 -0.005847 -0.548240 0.019486
1403638179.35173 9.833069 0.872639 1.292342 -0.836961 -0.000025 -0.547138 0.011647
1403638179.41840 9.859663 0.833304 1.273396 -0.834805 0.009459 -0.550437 0.005448
1403638179.48506 9.888372 0.793743 1.253827 -0.830012 0.021777 -0.557320 0.000514
1403638179.55173 9.918503 0.753536 1.232978 0.825583 -0.035051 0.563162 0.005731
1403638179.61839 9.949084 0.712562 1.211502 0.822269 -0.048933 0.566843 0.012980
1403638179.68506 9.979358 0.670829 1.191541 0.819220 -0.062550 0.569651 0.021546
1403638179.75173 10.009114 0.628531 1.174415 0.817272 -0.076242 0.570350 0.030890
1403638179.81839 10.038125 0.585661 1.160860 0.815110 -0.089637 0.570884 0.040640
1403638179.88506 10.066989 0.542181 1.150254 0.813662 -0.102748 0.569973 0.050275
1403638179.95173 10.096022 0.498410 1.141393 0.814497 -0.114652 0.565781 0.057803
1403638180.01839 10.125176 0.454457 1.134265 0.816718 -0.124599 0.559823 0.063601
1403638180.08506 10.155363 0.410124 1.129356 0.817840 -0.133407 0.555714 0.067253
1403638180.15173 10.186324 0.365197 1.125989 0.817661 -0.139956 0.553980 0.070355
1403638180.21839 10.217725 0.319438 1.122867 0.817210 -0.143879 0.553184 0.073852
1403638180.28506 10.249724 0.272741 1.117813 0.817535 -0.146762 0.551680 0.075804
1403638180.35173 10.282306 0.225219 1.110613 0.817736 -0.148941 0.550687 0.076602
1403638180.41839 10.315661 0.176707 1.100769 0.818594 -0.148590 0.549167 0.078998
1403638180.48506 10.350222 0.127244 1.088898 0.818845 -0.147264 0.548786 0.081486
1403638180.55173 10.385344 0.077092 1.075552 0.818976 -0.145098 0.548781 0.084053
1403638180.61839 10.421469 0.026484 1.061932 0.819922 -0.142812 0.547680 0.085903
1403638180.68506 10.459066 -0.024350 1.050299 0.821845 -0.140894 0.545180 0.086590
1403638180.75173 10.498182 -0.075150 1.041465 0.824847 -0.139276 0.541170 0.085816
1403638180.81839 10.539884 -0.126292 1.036212 0.826471 -0.138129 0.539274 0.083961
1403638180.88506 10.584180 -0.177589 1.034299 0.827097 -0.136963 0.538964 0.081666
1403638180.95173 10.630740 -0.229305 1.033132 0.827011 -0.136114 0.539666 0.079288
1403638181.01839 10.679362 -0.281509 1.030498 0.825926 -0.135753 0.541842 0.076327
1403638181.08506 10.729902 -0.334235 1.025317 0.825178 -0.135245 0.543469 0.073695
1403638181.15173 10.782552 -0.387656 1.017927 0.824139 -0.135687 0.545353 0.070524
1403638181.21839 10.836934 -0.442165 1.008830 0.821346 -0.136179 0.549729 0.068149
1403638181.28506 10.892263 -0.498018 0.997958 0.816948 -0.139499 0.555694 0.065876
1403638181.35173 10.947882 -0.555738 0.985050 0.812030 -0.145736 0.561303 0.065631
1403638181.41839 11.003417 -0.615508 0.969956 0.807337 -0.155470 0.565381 0.066182
1403638181.48506 11.057284 -0.677477 0.952739 0.801607 -0.167720 0.569734 0.068551
1403638181.55173 11.109146 -0.741878 0.935032 0.792422 -0.180942 0.577844 0.073646
1403638181.61839 11.158551 -0.808937 0.918226 0.784568 -0.192683 0.583409 0.083431
1403638181.68506 11.203525 -0.877966 0.902638 0.781233 -0.203076 0.582424 0.096009
1403638181.75173 11.244635 -0.948504 0.890446 0.779936 -0.213103 0.578217 0.109327
1403638181.81839 11.282263 -1.020100 0.882477 0.779482 -0.222723 0.572374 0.123252
1403638181.88506 11.316645 -1.092136 0.878764 0.779890 -0.231952 0.564967 0.137048
1403638181.95173 11.348780 -1.163949 0.878187 0.780331 -0.241686 0.557663 0.147255
1403638182.01839 11.379398 -1.235326 0.880356 0.781587 -0.251094 0.550065 0.153307
1403638182.08506 11.409013 -1.306550 0.885562 0.782592 -0.259117 0.543768 0.157241
1403638182.15173 11.438321 -1.378075 0.893151 0.783281 -0.265815 0.538632 0.160278
1403638182.21839 11.467945 -1.450131 0.900218 0.783818 -0.272208 0.534515 0.160704
1403638182.28506 11.498022 -1.522842 0.905234 0.784041 -0.278494 0.531590 0.158534
1403638182.35173 11.528281 -1.597296 0.910627 0.784113 -0.283173 0.529837 0.155732
1403638182.41839 11.558629 -1.674148 0.918022 0.785385 -0.284724 0.527188 0.155486
1403638182.48506 11.589817 -1.752842 0.925562 0.787870 -0.282604 0.523561 0.158992
1403638182.55173 11.622107 -1.833601 0.936825 0.790853 -0.278070 0.519783 0.164482
1403638182.61839 11.656493 -1.916112 0.952230 0.793197 -0.273717 0.517146 0.168752
1403638182.68506 11.692432 -1.999512 0.970754 0.794728 -0.270810 0.515945 0.169914
1403638182.75173 11.730097 -2.083615 0.990687 0.795013 -0.269204 0.516599 0.169144
1403638182.81839 11.769706 -2.168450 1.009908 0.794854 -0.267863 0.517881 0.168094
1403638182.88506 11.811207 -2.253890 1.027313 0.793384 -0.266514 0.521070 0.167328
1403638182.95173 11.854200 -2.339910 1.042183 0.791099 -0.265066 0.525432 0.166806
1403638183.01839 11.897848 -2.426466 1.055091 0.787973 -0.263056 0.530997 0.167162
1403638183.08506 11.942030 -2.513375 1.065842 0.785330 -0.260151 0.535749 0.168972
1403638183.15172 11.986525 -2.600197 1.074444 0.783990 -0.256364 0.538463 0.172324
1403638183.21839 12.031446 -2.686503 1.080427 0.784435 -0.253784 0.538352 0.174450
1403638183.28506 12.076514 -2.771790 1.083727 0.787135 -0.252252 0.534801 0.175430
1403638183.35172 12.121890 -2.855785 1.084393 0.790812 -0.253110 0.529625 0.173349
1403638183.41839 12.168378 -2.939140 1.083365 0.794547 -0.253697 0.524152 0.172040
1403638183.48506 12.216554 -3.022302 1.080963 0.797757 -0.253307 0.519323 0.172402
1403638183.55172 12.266936 -3.105144 1.076923 0.800100 -0.252911 0.515825 0.172628
1403638183.61839 12.319801 -3.187790 1.071923 0.799940 -0.252772 0.516042 0.172924
1403638183.68506 12.375422 -3.270328 1.068903 0.797147 -0.251095 0.520375 0.175267
1403638183.75172 12.434297 -3.352711 1.068969 0.792531 -0.249398 0.527401 0.177605
1403638183.81839 12.495679 -3.434206 1.071969 0.788218 -0.246386 0.533807 0.181815
1403638183.88506 12.556616 -3.513374 1.077973 0.784443 -0.244746 0.539249 0.184280
1403638183.95172 12.617943 -3.590320 1.087131 0.782991 -0.244612 0.541162 0.185023
1403638184.01839 12.679111 -3.664823 1.099013 0.783226 -0.245314 0.540655 0.184580
1403638184.08506 12.740471 -3.737196 1.112811 0.785679 -0.247027 0.536844 0.182986
1403638184.15172 12.802197 -3.807817 1.126475 0.789370 -0.248640 0.531177 0.181450
1403638184.21839 12.866100 -3.877280 1.139793 0.792419 -0.250948 0.526318 0.179125
1403638184.28506 12.931362 -3.945960 1.151079 0.793810 -0.252372 0.523861 0.178166
1403638184.35172 12.997497 -4.013869 1.159794 0.793050 -0.252375 0.524763 0.178893
1403638184.41839 13.065392 -4.081083 1.167160 0.790871 -0.251852 0.527875 0.180116
1403638184.48506 13.134718 -4.147456 1.173290 0.788887 -0.250764 0.530689 0.182052
1403638184.55172 13.205151 -4.212526 1.178679 0.787385 -0.250774 0.532710 0.182637
1403638184.61839 13.276567 -4.276155 1.184184 0.786041 -0.250890 0.534513 0.183003
1403638184.68506 13.348670 -4.338226 1.189602 0.785640 -0.250919 0.535004 0.183250
1403638184.75172 13.421420 -4.398925 1.195099 0.785163 -0.251693 0.535555 0.182621
1403638184.81839 13.494493 -4.458245 1.200846 0.785154 -0.252109 0.535447 0.182403
1403638184.88506 13.567740 -4.516274 1.206952 0.785051 -0.251781 0.535245 0.183886
1403638184.95172 13.641293 -4.572956 1.214071 0.783933 -0.251196 0.536821 0.184858
1403638185.01839 13.715029 -4.628081 1.221817 0.783573 -0.252017 0.537246 0.184030
1403638185.08506 13.789000 -4.681937 1.230083 0.784278 -0.251913 0.536175 0.184295
1403638185.15172 13.863529 -4.734413 1.238795 0.784975 -0.251011 0.535254 0.185232
1403638185.21839 13.938934 -4.785890 1.247861 0.785669 -0.249426 0.534268 0.187266
1403638185.28506 14.014998 -4.835919 1.256735 0.786366 -0.247347 0.533340 0.189727
1403638185.35172 14.092172 -4.884131 1.265640 0.786211 -0.244978 0.533820 0.192080
1403638185.41839 14.170993 -4.930276 1.274957 0.785432 -0.240708 0.536260 0.193858
1403638185.48506 14.250994 -4.973521 1.284611 0.785080 -0.233778 0.539710 0.194192
1403638185.55172 14.332540 -5.013871 1.294872 0.785693 -0.225010 0.543092 0.192633
1403638185.61839 14.414976 -5.051121 1.305179 0.786588 -0.216366 0.546436 0.189401
1403638185.68506 14.498299 -5.085052 1.315644 0.786757 -0.209761 0.550566 0.184095
1403638185.75172 14.581648 -5.115754 1.326311 0.786986 -0.206686 0.554156 0.175625
1403638185.81839 14.663956 -5.143388 1.335944 0.787996 -0.209014 0.556100 0.161642
1403638185.88506 14.745224 -5.168858 1.344641 0.789704 -0.214195 0.556108 0.145713
1403638185.95172 14.824887 -5.193806 1.351503 0.791172 -0.218458 0.555551 0.132988
1403638186.01839 14.902451 -5.219424 1.356376 0.792713 -0.218851 0.554438 0.127702
1403638186.08506 14.978145 -5.246034 1.359059 0.794895 -0.216057 0.552158 0.128779
1403638186.15172 15.052359 -5.273454 1.360132 0.796655 -0.212252 0.550214 0.132491
1403638186.21839 15.125609 -5.301234 1.360890 0.798008 -0.209145 0.548604 0.135924
1403638186.28506 15.198392 -5.329111 1.363720 0.798630 -0.207093 0.547855 0.138409
1403638186.35172 15.271995 -5.357415 1.369778 0.799443 -0.205689 0.546672 0.140472
1403638186.41839 15.346092 -5.385662 1.378645 0.799407 -0.205113 0.546612 0.141751
1403638186.48505 15.419701 -5.413346 1.389533 0.798950 -0.204684 0.547103 0.143041
1403638186.55172 15.494125 -5.440967 1.401544 0.799326 -0.203945 0.546269 0.145172
1403638186.61839 15.568677 -5.468011 1.412001 0.799696 -0.202903 0.545367 0.147958
1403638186.68505 15.643977 -5.494400 1.420114 0.800089 -0.200809 0.544516 0.151778
1403638186.75172 15.720276 -5.519622 1.425913 0.800482 -0.196750 0.544294 0.155765
1403638186.81839 15.797852 -5.543354 1.429453 0.801638 -0.190507 0.544051 0.158403
1403638186.88505 15.876725 -5.564948 1.430839 0.803823 -0.182891 0.543432 0.158432
1403638186.95172 15.957272 -5.583732 1.430961 0.806098 -0.174589 0.543977 0.154319
1403638187.01839 16.039249 -5.599242 1.432061 0.807940 -0.165411 0.546564 0.145396
1403638187.08505 16.123094 -5.611740 1.436487 0.808379 -0.155331 0.552231 0.132052
1403638187.15172 16.207795 -5.621652 1.444602 0.807492 -0.142787 0.560032 0.118039
1403638187.21839 16.291604 -5.629153 1.455855 0.806148 -0.129256 0.568132 0.103175
1403638187.28505 16.373563 -5.635231 1.469989 0.804363 -0.114270 0.576074 0.089900
1403638187.35172 16.453619 -5.640161 1.486890 0.802916 -0.099592 0.582412 0.078758
1403638187.41839 16.531636 -5.644173 1.506617 0.800991 -0.086726 0.588231 0.069835
1403638187.48505 16.607367 -5.647288 1.527727 0.800604 -0.076415 0.591015 0.062405
1403638187.55172 16.681075 -5.649104 1.551803 0.802417 -0.068762 0.590085 0.056559
1403638187.61839 16.752440 -5.649654 1.577619 0.806268 -0.063500 0.585854 0.051718
1403638187.68505 16.819475 -5.650570 1.598678 0.809775 -0.059519 0.581628 0.049301
1403638187.75172 16.884960 -5.650894 1.617850 0.812037 -0.055867 0.578828 0.049331
1403638187.81839 16.948959 -5.650388 1.634893 0.812997 -0.052659 0.577639 0.050948
1403638187.88505 17.011676 -5.648800 1.650084 0.812970 -0.049130 0.577614 0.055034
1403638187.95172 17.073552 -5.645439 1.664084 0.811548 -0.046585 0.579407 0.059219
1403638188.01839 17.134015 -5.639991 1.676837 0.809141 -0.044300 0.582417 0.064176
1403638188.08505 17.192664 -5.631927 1.687634 0.806811 -0.042238 0.585208 0.069315
1403638188.15172 17.250099 -5.621267 1.696222 0.804498 -0.040227 0.587860 0.074737
1403638188.21839 17.305634 -5.607166 1.702232 0.800623 -0.041077 0.592939 0.075748
1403638188.28505 17.358430 -5.589456 1.705712 0.794294 -0.044986 0.601578 0.071950
1403638188.35172 17.409421 -5.568803 1.707411 0.786840 -0.049594 0.611536 0.066689
1403638188.41839 17.455987 -5.545583 1.707196 0.779632 -0.053429 0.620797 0.062700
1403638188.48505 17.497078 -5.520202 1.704887 0.774125 -0.056977 0.627707 0.058894
1403638188.55172 17.531962 -5.492919 1.701214 0.769875 -0.059346 0.632954 0.056041
1403638188.61839 17.560250 -5.463452 1.697314 0.769048 -0.059110 0.634180 0.053718
1403638188.68505 17.580314 -5.431887 1.695758 0.771029 -0.056671 0.632230 0.050864
1403638188.75172 17.592121 -5.398443 1.697160 0.775389 -0.053087 0.627496 0.046924
1403638188.81839 17.596969 -5.363851 1.701205 0.780713 -0.048978 0.621408 0.044039
1403638188.88505 17.598020 -5.328275 1.710336 0.784807 -0.045607 0.616714 0.040769
1403638188.95172 17.595069 -5.291964 1.724091 0.788092 -0.042761 0.612887 0.038099
1403638189.01839 17.587523 -5.254500 1.741817 0.790610 -0.039340 0.610041 0.035182
1403638189.08505 17.574856 -5.215799 1.761695 0.791885 -0.034973 0.608927 0.030050
1403638189.15172 17.558141 -5.176363 1.781147 0.792795 -0.028809 0.608344 0.023748
1403638189.21839 17.537429 -5.136344 1.797914 0.794176 -0.021306 0.607124 0.015170
1403638189.28505 17.512954 -5.096032 1.812106 0.796368 -0.011963 0.604662 0.006250
1403638189.35172 17.484881 -5.055941 1.823406 -0.800613 0.001736 -0.599177 0.001851
1403638189.41839 17.453934 -5.016491 1.832607 -0.807554 -0.008043 -0.589685 0.007999
1403638189.48505 17.420902 -4.977465 1.842613 -0.814189 -0.016468 -0.580215 0.013260
1403638189.55172 17.387364 -4.938953 1.856395 -0.818969 -0.023006 -0.573098 0.017853
1403638189.61839 17.353806 -4.901048 1.873919 -0.821984 -0.027802 -0.568409 0.021900
1403638189.68505 17.321499 -4.863545 1.892655 -0.825336 -0.030437 -0.563213 0.026188
1403638189.75172 17.290412 -4.826847 1.909910 -0.829090 -0.031410 -0.557418 0.030154
1403638189.81839 17.261015 -4.791255 1.924631 -0.832537 -0.032124 -0.552089 0.032373
1403638189.88505 17.234110 -4.756491 1.936772 -0.835750 -0.033521 -0.547141 0.032185
1403638189.95172 17.210455 -4.722441 1.946938 -0.837546 -0.034356 -0.544375 0.031493
1403638190.01838 17.190266 -4.689115 1.955350 -0.836201 -0.034619 -0.546464 0.030757
1403638190.08505 17.173370 -4.656428 1.961813 -0.832489 -0.034418 -0.552146 0.030186
1403638190.15172 17.159270 -4.624311 1.966005 -0.827195 -0.034513 -0.560110 0.028876
1403638190.21838 17.146794 -4.592621 1.967424 -0.821205 -0.035502 -0.568924 0.026212
1403638190.28505 17.134904 -4.560858 1.966682 -0.814417 -0.041043 -0.578486 0.019889
1403638190.35172 17.123017 -4.528216 1.963677 -0.808542 -0.049749 -0.586171 0.013725
1403638190.41838 17.109511 -4.493916 1.958098 -0.804117 -0.059955 -0.591376 0.008651
1403638190.48505 17.093683 -4.457475 1.949964 -0.801852 -0.067817 -0.593621 0.006941
1403638190.55172 17.076781 -4.418458 1.939814 -0.801975 -0.072429 -0.592872 0.009616
1403638190.61838 17.059444 -4.376978 1.928765 -0.802919 -0.075470 -0.591140 0.013381
1403638190.68505 17.038932 -4.332975 1.917567 -0.803512 -0.077123 -0.589999 0.017929
1403638190.75172 17.016079 -4.286874 1.907944 -0.803635 -0.077897 -0.589572 0.022560
1403638190.81838 16.990777 -4.238852 1.899927 -0.804446 -0.075814 -0.588388 0.030307
1403638190.88505 16.963903 -4.189720 1.894979 -0.805715 -0.073371 -0.586553 0.037353
1403638190.95172 16.935823 -4.139772 1.894427 -0.806598 -0.072764 -0.585141 0.041422
1403638191.01838 16.905961 -4.089034 1.898129 -0.805600 -0.071887 -0.586381 0.044709
1403638191.08505 16.873629 -4.039015 1.904206 -0.804000 -0.071376 -0.588480 0.046692
1403638191.15172 16.840094 -3.989183 1.912999 -0.805166 -0.071432 -0.586834 0.047230
1403638191.21838 16.805011 -3.939997 1.923857 -0.809229 -0.071651 -0.581204 0.047086
1403638191.28505 16.768611 -3.891105 1.937172 -0.814389 -0.071274 -0.573983 0.047273
1403638191.35172 16.731782 -3.842412 1.952106 -0.818190 -0.071892 -0.568583 0.045937
1403638191.41838 16.695473 -3.793826 1.966240 -0.820445 -0.072367 -0.565405 0.044167
1403638191.48505 16.661448 -3.744361 1.979633 -0.821704 -0.071273 -0.563700 0.044327
1403638191.55172 16.634311 -3.691845 1.996771 -0.821820 -0.071330 -0.563626 0.042996
1403638191.61838 16.603623 -3.641686 2.006242 -0.821746 -0.071597 -0.563815 0.041464
1403638191.68505 16.573622 -3.591458 2.012675 -0.821827 -0.073096 -0.563724 0.038369
1403638191.75172 16.544956 -3.540600 2.016446 -0.821837 -0.075609 -0.563649 0.034157
1403638191.81838 16.517496 -3.488548 2.017543 -0.821969 -0.077595 -0.563390 0.030617
1403638191.88505 16.490922 -3.434946 2.016509 -0.821801 -0.078211 -0.563628 0.029160
1403638191.95172 16.465086 -3.380024 2.014677 -0.821761 -0.077696 -0.563750 0.029292
1403638192.01838 16.439879 -3.323741 2.014040 -0.821511 -0.077846 -0.564094 0.029267
1403638192.08505 16.415189 -3.265713 2.016237 -0.821240 -0.078364 -0.564451 0.028621
1403638192.15172 16.391742 -3.205769 2.022175 -0.820899 -0.077411 -0.564994 0.030223
1403638192.21838 16.369337 -3.144239 2.032617 -0.819608 -0.076287 -0.566908 0.032221
1403638192.28505 16.348105 -3.081259 2.047868 -0.816772 -0.074572 -0.571032 0.035280
1403638192.35172 16.328207 -3.017301 2.067160 -0.813720 -0.073142 -0.575391 0.037884
1403638192.41838 16.308530 -2.952677 2.089320 -0.811960 -0.072267 -0.577869 0.039570
1403638192.48505 16.287929 -2.887718 2.113890 -0.810486 -0.071676 -0.579920 0.040838
1403638192.55172 16.265104 -2.822980 2.139076 -0.808449 -0.071446 -0.582755 0.041248
1403638192.61838 16.242829 -2.757943 2.167284 -0.804530 -0.071023 -0.588177 0.041656
1403638192.68505 16.219847 -2.692782 2.194819 -0.800095 -0.069338 -0.594267 0.043438
1403638192.75172 16.194802 -2.628037 2.219970 -0.795758 -0.067595 -0.600112 0.045453
1403638192.81838 16.167014 -2.563967 2.242280 -0.791750 -0.065436 -0.605390 0.048502
1403638192.88505 16.136355 -2.500483 2.262817 -0.786722 -0.061904 -0.611840 0.053752
1403638192.95172 16.102124 -2.438325 2.281832 -0.780020 -0.056357 -0.620082 0.062372
1403638193.01838 16.064056 -2.378674 2.299401 -0.774896 -0.052258 -0.625898 0.071114
1403638193.08505 16.020667 -2.322466 2.317001 -0.773644 -0.052548 -0.626647 0.077635
1403638193.15172 15.972380 -2.269782 2.336233 -0.777058 -0.058208 -0.621639 0.079739
1403638193.21838 15.918834 -2.220930 2.358679 -0.781349 -0.065508 -0.615537 0.079483
1403638193.28505 15.860292 -2.175620 2.385406 -0.784933 -0.072604 -0.610258 0.078698
1403638193.35172 15.797223 -2.133624 2.416786 -0.787050 -0.080106 -0.606943 0.075859
1403638193.41838 15.731459 -2.094263 2.451612 -0.787108 -0.086609 -0.606336 0.072913
1403638193.48505 15.662985 -2.056888 2.486959 -0.786157 -0.090610 -0.607075 0.072164
1403638193.55171 15.591440 -2.020997 2.520063 -0.785638 -0.093240 -0.607308 0.072505
1403638193.61838 15.516578 -1.986452 2.549647 -0.788001 -0.095098 -0.603932 0.072635
1403638193.68505 15.438817 -1.952953 2.575642 -0.792978 -0.096552 -0.597141 0.072711
1403638193.75171 15.358984 -1.920684 2.598543 -0.798627 -0.096931 -0.589389 0.073620
1403638193.81838 15.277841 -1.889752 2.619043 -0.802643 -0.097572 -0.583851 0.073233
1403638193.88505 15.195650 -1.859672 2.636907 -0.805668 -0.097806 -0.579680 0.072829
1403638193.95171 15.113186 -1.830143 2.652641 -0.807911 -0.097902 -0.576601 0.072297
1403638194.01838 15.031073 -1.801338 2.665865 -0.808752 -0.097308 -0.575470 0.072708
1403638194.08505 14.949449 -1.772948 2.677281 -0.806810 -0.097225 -0.578297 0.071953
1403638194.15171 14.868212 -1.744830 2.686178 -0.803561 -0.096300 -0.582938 0.072101
1403638194.21838 14.786363 -1.717500 2.692309 -0.800094 -0.095598 -0.587817 0.071989
1403638194.28505 14.703195 -1.690909 2.695345 -0.798441 -0.094773 -0.590158 0.072266
1403638194.35171 14.618695 -1.665076 2.696561 -0.800389 -0.094324 -0.587561 0.072472
1403638194.41838 14.532799 -1.640284 2.699077 -0.803644 -0.093594 -0.583207 0.072568
1403638194.48505 14.446294 -1.616393 2.703965 -0.806836 -0.092733 -0.578880 0.072898
1403638194.55171 14.358983 -1.593467 2.712102 -0.809351 -0.092895 -0.575464 0.071858
1403638194.61838 14.270880 -1.571314 2.722288 -0.812409 -0.092845 -0.571245 0.071062
1403638194.68505 14.184227 -1.549481 2.733862 -0.816133 -0.092991 -0.566038 0.069860
1403638194.75171 14.100036 -1.528011 2.745163 -0.819501 -0.093228 -0.561297 0.068358
1403638194.81838 14.018247 -1.506889 2.754695 -0.822180 -0.093555 -0.557493 0.066848
1403638194.88505 13.939217 -1.485888 2.762142 -0.823891 -0.093881 -0.555090 0.065304
1403638194.95171 13.862953 -1.464801 2.767039 -0.825166 -0.094467 -0.553257 0.063905
1403638195.01838 13.789447 -1.443634 2.769274 -0.826115 -0.094477 -0.551891 0.063439
1403638195.08505 13.718666 -1.422142 2.768851 -0.826859 -0.094850 -0.550790 0.062753
1403638195.15171 13.650462 -1.400106 2.765728 -0.828588 -0.094796 -0.548196 0.062743
1403638195.21838 13.584744 -1.377567 2.759497 -0.832850 -0.094423 -0.541754 0.062834
1403638195.28505 13.522327 -1.354456 2.750863 -0.838375 -0.094296 -0.533186 0.062842
1403638195.35171 13.464686 -1.330721 2.741282 -0.841691 -0.094283 -0.527962 0.062644
1403638195.41838 13.412359 -1.306269 2.731459 -0.840352 -0.093961 -0.530106 0.062984
1403638195.48505 13.364408 -1.281272 2.721373 -0.834123 -0.093046 -0.539841 0.064446
1403638195.55171 13.319663 -1.255830 2.709809 -0.827442 -0.092024 -0.549982 0.066263
1403638195.61838 13.277838 -1.230211 2.696432 -0.822049 -0.091737 -0.557958 0.067106
1403638195.68505 13.237386 -1.204521 2.682049 -0.820465 -0.091623 -0.560238 0.067646
1403638195.75171 13.196042 -1.178416 2.668288 -0.821172 -0.091574 -0.559156 0.068081
1403638195.81838 13.157880 -1.152999 2.657749 -0.823267 -0.091924 -0.556023 0.067970
1403638195.88505 13.121990 -1.127598 2.650184 -0.826506 -0.092907 -0.551150 0.067002
1403638195.95171 13.088936 -1.102229 2.645560 -0.829738 -0.093641 -0.546204 0.066547
1403638196.01838 13.059680 -1.076558 2.644346 -0.831730 -0.093933 -0.543148 0.066279
1403638196.08505 13.034610 -1.050345 2.647458 -0.831536 -0.094140 -0.543435 0.066060
1403638196.15171 13.013797 -1.023519 2.655647 -0.829220 -0.094306 -0.546948 0.065945
1403638196.21838 12.995561 -0.996418 2.667501 -0.825082 -0.094335 -0.553087 0.066601
1403638196.28505 12.978605 -0.969321 2.680531 -0.821710 -0.094071 -0.558070 0.067095
1403638196.35171 12.962791 -0.942107 2.692122 -0.819650 -0.094143 -0.561092 0.066983
1403638196.41838 12.947775 -0.915056 2.702451 -0.819726 -0.093408 -0.560990 0.067928
1403638196.48505 12.933961 -0.888004 2.709616 -0.820473 -0.092791 -0.559941 0.068409
1403638196.55171 12.921346 -0.860909 2.712639 -0.822441 -0.091709 -0.557149 0.069035
1403638196.61838 12.910143 -0.834046 2.712292 -0.826071 -0.091583 -0.551856 0.068367
1403638196.68505 12.901155 -0.807461 2.709015 -0.830423 -0.090883 -0.545387 0.068492
1403638196.75171 12.895271 -0.780956 2.703908 -0.833070 -0.090843 -0.541422 0.067854
1403638196.81838 12.892290 -0.754217 2.696960 -0.833817 -0.090854 -0.540332 0.067354
1403638196.88505 12.892556 -0.727240 2.689245 -0.831655 -0.090380 -0.543678 0.067790
1403638196.95171 12.895882 -0.700378 2.682668 -0.828287 -0.090342 -0.548788 0.067910
1403638197.01838 12.902044 -0.673415 2.678669 -0.824745 -0.090085 -0.554063 0.068521
1403638197.08504 12.909387 -0.646915 2.677082 -0.822325 -0.089752 -0.557694 0.068578
1403638197.15171 12.917738 -0.620994 2.677325 -0.820792 -0.090276 -0.559969 0.067719
1403638197.21838 12.928217 -0.595074 2.680103 -0.819476 -0.091563 -0.561906 0.065856
1403638197.28504 12.940010 -0.568803 2.686650 -0.816521 -0.094592 -0.566155 0.061753
1403638197.35171 12.951719 -0.542168 2.696698 -0.812877 -0.098121 -0.571319 0.056548
1403638197.41838 12.963354 -0.514657 2.709223 -0.810409 -0.100499 -0.574742 0.053002
1403638197.48504 12.974095 -0.485812 2.724708 -0.808625 -0.101365 -0.577198 0.051904
1403638197.55171 12.983216 -0.455897 2.742869 -0.807739 -0.100641 -0.578434 0.053320
1403638197.61838 12.991063 -0.425092 2.763558 -0.807120 -0.100916 -0.579261 0.053195
1403638197.68504 12.997998 -0.393300 2.786015 -0.807022 -0.100984 -0.579370 0.053357
1403638197.75171 13.005349 -0.360356 2.809610 -0.807261 -0.101269 -0.578981 0.053431
1403638197.81838 13.013045 -0.326150 2.833071 -0.806558 -0.100318 -0.579956 0.055242
1403638197.88504 13.017882 -0.291795 2.852101 -0.804749 -0.097857 -0.582468 0.059442
1403638197.95171 13.021798 -0.256995 2.868259 -0.799924 -0.095490 -0.589027 0.063642
1403638198.01838 13.024379 -0.222258 2.878416 -0.794960 -0.093471 -0.595676 0.066874
1403638198.08504 13.024976 -0.188143 2.879836 -0.794004 -0.092662 -0.596927 0.068185
1403638198.15171 13.023042 -0.154805 2.872340 -0.795879 -0.091767 -0.594405 0.069561
1403638198.21838 13.018205 -0.122111 2.857194 -0.798389 -0.091722 -0.591023 0.069667
1403638198.28504 13.010722 -0.090014 2.837446 -0.800434 -0.092460 -0.588270 0.068519
1403638198.35171 13.001317 -0.058529 2.814910 -0.802171 -0.093737 -0.585878 0.066951
1403638198.41838 12.990357 -0.027591 2.790073 -0.804423 -0.096313 -0.582753 0.063444
1403638198.48504 12.978027 0.003090 2.763811 -0.805399 -0.099706 -0.581317 0.058842
1403638198.55171 12.964224 0.034379 2.736131 -0.805362 -0.105162 -0.581109 0.051437
1403638198.61838 12.948898 0.066857 2.707644 -0.802785 -0.112528 -0.584128 0.040855
1403638198.68504 12.931749 0.101599 2.679445 -0.799214 -0.120006 -0.588163 0.030320
1403638198.75171 12.911986 0.139813 2.653484 -0.795538 -0.126705 -0.592126 0.021284
1403638198.81838 12.898127 0.183136 2.633808 -0.792649 -0.130255 -0.595369 0.016637
1403638198.88504 12.877642 0.231012 2.616753 -0.791787 -0.131586 -0.596255 0.015442
1403638198.95171 12.848243 0.283545 2.601429 -0.792604 -0.131208 -0.595235 0.016053
1403638199.01838 12.815468 0.340930 2.589685 -0.793905 -0.129881 -0.593744 0.017704
1403638199.08504 12.779457 0.403330 2.582871 -0.794920 -0.128456 -0.592636 0.019574
1403638199.15171 12.740621 0.470502 2.581263 -0.795199 -0.126790 -0.592568 0.021112
1403638199.21838 12.698557 0.542123 2.584269 -0.794492 -0.124577 -0.593872 0.024067
1403638199.28504 12.653703 0.617923 2.592461 -0.792622 -0.123077 -0.596590 0.026125
1403638199.35171 12.605738 0.697456 2.603481 -0.791116 -0.122735 -0.598645 0.026392
1403638199.41838 12.553552 0.779986 2.616876 -0.790731 -0.124241 -0.598965 0.023444
1403638199.48504 12.497537 0.865968 2.633363 -0.791783 -0.126058 -0.597322 0.019877
1403638199.55171 12.438686 0.956282 2.652621 -0.793682 -0.129134 -0.594233 0.016767
1403638199.61838 12.377294 1.051430 2.674112 -0.794716 -0.132587 -0.592041 0.018290
1403638199.68504 12.312880 1.151233 2.697876 -0.795227 -0.135338 -0.590491 0.024862
1403638199.75171 12.245478 1.254662 2.722499 -0.796802 -0.135483 -0.587760 0.035917
1403638199.81838 12.175827 1.360402 2.745635 -0.799583 -0.133796 -0.583499 0.047909
1403638199.88504 12.105010 1.467662 2.766528 -0.801640 -0.133033 -0.579999 0.057244
1403638199.95171 12.033580 1.575986 2.784900 -0.802879 -0.133315 -0.577490 0.064174
1403638200.01838 11.961722 1.685228 2.801317 -0.802758 -0.135607 -0.576450 0.069971
1403638200.08504 11.889449 1.794780 2.815819 -0.801835 -0.141958 -0.575820 0.073069
1403638200.15171 11.816424 1.904829 2.829401 -0.798914 -0.151844 -0.577169 0.074539
1403638200.21838 11.742937 2.015454 2.844222 -0.793505 -0.161777 -0.581384 0.078549
1403638200.28504 11.679579 2.120786 2.859167 -0.787652 -0.171410 -0.585660 0.084997
1403638200.35171 11.602930 2.231812 2.878504 -0.782261 -0.180911 -0.588833 0.092818
1403638200.41838 11.521546 2.345029 2.901189 -0.778305 -0.191971 -0.589942 0.096730
1403638200.48504 11.437984 2.459005 2.926713 -0.775672 -0.203231 -0.589564 0.097181
1403638200.55171 11.352082 2.574637 2.955444 -0.773493 -0.213850 -0.588535 0.097993
1403638200.61837 11.263117 2.692033 2.986893 -0.771048 -0.224666 -0.587495 0.099301
1403638200.68504 11.169306 2.810804 3.021666 -0.768004 -0.236469 -0.586745 0.099919
1403638200.75171 11.063939 2.928655 3.059328 -0.767182 -0.246115 -0.583602 0.101327
1403638200.81837 10.961549 3.050762 3.093884 -0.767416 -0.252710 -0.580007 0.103931
1403638200.88504 10.856526 3.175331 3.125733 -0.768472 -0.255690 -0.576441 0.108574
1403638200.95171 10.749198 3.302449 3.154265 -0.770246 -0.253841 -0.573036 0.117964
1403638201.01837 10.639998 3.431363 3.179949 -0.771733 -0.250044 -0.570513 0.128147
1403638201.08504 10.529397 3.561045 3.202346 -0.772782 -0.246922 -0.568773 0.135408
1403638201.15171 10.417923 3.691211 3.221241 -0.773784 -0.244722 -0.567416 0.139314
1403638201.21837 10.305730 3.821275 3.237281 -0.773791 -0.241394 -0.567825 0.143358
1403638201.28504 10.193136 3.951017 3.250213 -0.774454 -0.239891 -0.567421 0.143896
1403638201.35171 10.080054 4.080506 3.260272 -0.775073 -0.239506 -0.567010 0.142824
1403638201.41837 9.966525 4.209511 3.267379 -0.774966 -0.239124 -0.567709 0.141260
1403638201.48504 9.850665 4.336979 3.271942 -0.774650 -0.237616 -0.568817 0.141080
1403638201.55171 9.725909 4.459011 3.276197 -0.773918 -0.236889 -0.570401 0.139921
1403638201.61837 9.608303 4.585564 3.274401 -0.772828 -0.235840 -0.572552 0.138924
1403638201.68504 9.490189 4.711924 3.268556 -0.772717 -0.234448 -0.573193 0.139255
1403638201.75171 9.371081 4.837512 3.258896 -0.772886 -0.233515 -0.573462 0.138783
1403638201.81837 9.250868 4.962283 3.245894 -0.772770 -0.232429 -0.574014 0.138967
1403638201.88504 9.129225 5.086508 3.230671 -0.773180 -0.232011 -0.573459 0.139670
1403638201.95171 9.005510 5.209923 3.215377 -0.773109 -0.234125 -0.572395 0.140898
1403638202.01837 8.879177 5.332120 3.201778 -0.772617 -0.237608 -0.570729 0.144476
1403638202.08504 8.752211 5.454260 3.188555 -0.773175 -0.239422 -0.567550 0.150880
1403638202.15171 8.632156 5.582453 3.173647 -0.775339 -0.240340 -0.562337 0.157681
1403638202.21837 8.505896 5.703447 3.165221 -0.777929 -0.241020 -0.556781 0.163497
1403638202.28504 8.379855 5.822397 3.159986 -0.780564 -0.242895 -0.551399 0.166376
1403638202.35171 8.256160 5.940594 3.157783 -0.781542 -0.243918 -0.548616 0.169457
1403638202.41837 8.134705 6.057634 3.155612 -0.782070 -0.245773 -0.546788 0.170248
1403638202.48504 8.015008 6.173819 3.150847 -0.782303 -0.246623 -0.545673 0.171525
1403638202.55171 7.896981 6.288781 3.142445 -0.783158 -0.246207 -0.543988 0.173557
1403638202.61837 7.780993 6.402148 3.130890 -0.784251 -0.245754 -0.542249 0.174705
1403638202.68504 7.667085 6.514002 3.116730 -0.784910 -0.245510 -0.541251 0.175181
1403638202.75171 7.555644 6.624310 3.100519 -0.784689 -0.245509 -0.541643 0.174962
1403638202.81837 7.446274 6.732780 3.082558 -0.783976 -0.245588 -0.542903 0.174141
1403638202.88504 7.338914 6.839826 3.063848 -0.783122 -0.245551 -0.544370 0.173454
1403638202.95171 7.232755 6.945163 3.045526 -0.782981 -0.244599 -0.544851 0.173921
1403638203.01837 7.127866 7.048904 3.028611 -0.782320 -0.243715 -0.545910 0.174818
1403638203.08504 7.023957 7.153595 3.008797 -0.781646 -0.243123 -0.546964 0.175362
1403638203.15171 6.922003 7.255163 2.995971 -0.780350 -0.243556 -0.548943 0.174345
1403638203.21837 6.821178 7.354381 2.987330 -0.777832 -0.244237 -0.552602 0.173080
1403638203.28504 6.721189 7.451912 2.981467 -0.775988 -0.243730 -0.555191 0.173784
1403638203.35171 6.622087 7.548310 2.976721 -0.775327 -0.242588 -0.556039 0.175615
1403638203.41837 6.523260 7.642162 2.970529 -0.774592 -0.241850 -0.556929 0.177049
1403638203.48504 6.425086 7.733973 2.961505 -0.775045 -0.241126 -0.556330 0.177935
1403638203.55171 6.327720 7.824208 2.950464 -0.775708 -0.240192 -0.555378 0.179276
1403638203.61837 6.231309 7.912681 2.939423 -0.776960 -0.239841 -0.553628 0.179737
1403638203.68504 6.135675 7.998572 2.930747 -0.777226 -0.239554 -0.553188 0.180325
1403638203.75171 6.040744 8.082028 2.925362 -0.776904 -0.239640 -0.553599 0.180338
1403638203.81837 5.946788 8.163087 2.922999 -0.776557 -0.240452 -0.554025 0.179439
1403638203.88504 5.853669 8.241863 2.923449 -0.776092 -0.241205 -0.554453 0.179117
1403638203.95170 5.761030 8.318436 2.926121 -0.776308 -0.241571 -0.553797 0.179718
1403638204.01837 5.668897 8.392744 2.931523 -0.777049 -0.241967 -0.552318 0.180528
1403638204.08504 5.576914 8.464689 2.940175 -0.778391 -0.242592 -0.550012 0.180951
1403638204.15170 5.485897 8.534710 2.952111 -0.780440 -0.242162 -0.546694 0.182745
1403638204.21837 5.396464 8.602835 2.967176 -0.783039 -0.240519 -0.542726 0.185601
1403638204.28504 5.309123 8.669273 2.984430 -0.786873 -0.237332 -0.536975 0.190165
1403638204.35170 5.224470 8.733569 3.002763 -0.791643 -0.232747 -0.529895 0.195809
1403638204.41837 5.143673 8.795402 3.021765 -0.795394 -0.229372 -0.524369 0.199434
1403638204.48504 5.067065 8.854609 3.039760 -0.797233 -0.227053 -0.521932 0.201131
1403638204.55170 4.994492 8.911358 3.055799 -0.797121 -0.225773 -0.522106 0.202561
1403638204.61837 4.926013 8.966022 3.069200 -0.795589 -0.226683 -0.523331 0.204396
1403638204.68504 4.861005 9.018197 3.079169 -0.793746 -0.232080 -0.523857 0.204158
1403638204.75170 4.799200 9.068066 3.086095 -0.790435 -0.241395 -0.524987 0.203298
1403638204.81837 4.740118 9.116057 3.090170 -0.785314 -0.254429 -0.527120 0.201722
1403638204.88504 4.682799 9.162840 3.091006 -0.778003 -0.270858 -0.530054 0.200974
1403638204.95170 4.626364 9.209312 3.088384 -0.770329 -0.288804 -0.530611 0.204050
1403638205.01837 4.570344 9.256108 3.083283 -0.761728 -0.308195 -0.529574 0.210567
1403638205.08504 4.514415 9.303492 3.076023 -0.752451 -0.329374 -0.526249 0.219983
1403638205.15170 4.457348 9.351015 3.068419 -0.742252 -0.351288 -0.520482 0.234003
1403638205.21837 4.399404 9.398750 3.063096 -0.730116 -0.374242 -0.514158 0.250032
1403638205.28504 4.342101 9.448678 3.061061 -0.716392 -0.397464 -0.507238 0.267421
1403638205.35170 4.288114 9.506378 3.062007 -0.701256 -0.420080 -0.500418 0.285227
1403638205.41837 4.231683 9.555820 3.067876 -0.685073 -0.441965 -0.494424 0.301474
1403638205.48504 4.175622 9.603860 3.077463 -0.668572 -0.462779 -0.491180 0.312393
1403638205.55170 4.118065 9.649596 3.089277 -0.653226 -0.481135 -0.490156 0.318673
1403638205.61837 4.059368 9.693498 3.104753 -0.638927 -0.495571 -0.491966 0.322724
1403638205.68504 3.996972 9.735436 3.122309 -0.625893 -0.506409 -0.495705 0.325706
1403638205.75170 3.930843 9.776711 3.142304 -0.615837 -0.515226 -0.496470 0.329854
1403638205.81837 3.859812 9.816224 3.163720 -0.607924 -0.523752 -0.493867 0.334975
1403638205.88504 3.783412 9.853721 3.186769 -0.601130 -0.532792 -0.488217 0.341202
1403638205.95170 3.701810 9.890327 3.211578 -0.594611 -0.541778 -0.480379 0.349500
1403638206.01837 3.615494 9.925642 3.238812 -0.588057 -0.550933 -0.471219 0.358629
1403638206.08504 3.525133 9.958438 3.268780 -0.580177 -0.559914 -0.463133 0.367966
1403638206.15170 3.431393 9.988785 3.300230 -0.571253 -0.568504 -0.456246 0.377242
1403638206.21837 3.334804 10.017330 3.331221 -0.562461 -0.576385 -0.449853 0.386070
1403638206.28504 3.237095 10.043974 3.363664 -0.554484 -0.582938 -0.442887 0.395704
1403638206.35170 3.142713 10.068485 3.407985 -0.549664 -0.586431 -0.433677 0.407298
1403638206.41837 3.041621 10.089811 3.435826 -0.546061 -0.588665 -0.426295 0.416609
1403638206.48504 2.939810 10.108605 3.460649 -0.543169 -0.589412 -0.421291 0.424352
1403638206.55170 2.837971 10.124419 3.482083 -0.540904 -0.589766 -0.417922 0.430046
1403638206.61837 2.736319 10.137361 3.500703 -0.538586 -0.590416 -0.416107 0.433807
1403638206.68504 2.634579 10.147224 3.516062 -0.536156 -0.591355 -0.413359 0.438145
1403638206.75170 2.532925 10.154044 3.528248 -0.532826 -0.594731 -0.409714 0.441051
1403638206.81837 2.432106 10.157728 3.537405 -0.529535 -0.598183 -0.406230 0.443562
1403638206.88504 2.332287 10.158752 3.543943 -0.526244 -0.600323 -0.404182 0.446449
1403638206.95170 2.233097 10.157166 3.547756 -0.523496 -0.600932 -0.402695 0.450187
1403638207.01837 2.134972 10.152500 3.548651 -0.521203 -0.600747 -0.401878 0.453811
1403638207.08504 2.038114 10.144602 3.546437 -0.518813 -0.600678 -0.402182 0.456365
1403638207.15170 1.942498 10.133360 3.540140 -0.517382 -0.600656 -0.401847 0.458309
1403638207.21837 1.847823 10.118555 3.530207 -0.515529 -0.601273 -0.400422 0.460828
1403638207.28504 1.754079 10.100196 3.516886 -0.511547 -0.603558 -0.398836 0.463646
1403638207.35170 1.661208 10.078039 3.500860 -0.505892 -0.606230 -0.396043 0.468731
1403638207.41837 1.569221 10.052046 3.483789 -0.498135 -0.610548 -0.392401 0.474463
1403638207.48503 1.478439 10.021334 3.468747 -0.489060 -0.616491 -0.387213 0.480443
1403638207.55170 1.389474 9.987237 3.454938 -0.481331 -0.624637 -0.379212 0.484094
1403638207.61837 1.303051 9.950437 3.442008 -0.476218 -0.632984 -0.369621 0.485725
1403638207.68503 1.219182 9.907905 3.433262 -0.473776 -0.641114 -0.358715 0.485626
1403638207.75170 1.138018 9.862760 3.428183 -0.472390 -0.647094 -0.349299 0.485910
1403638207.81837 1.059584 9.815704 3.427005 -0.471780 -0.652244 -0.341447 0.485196
1403638207.88503 0.983670 9.767571 3.429443 -0.472615 -0.656910 -0.334139 0.483172
1403638207.95170 0.910119 9.719141 3.435471 -0.473147 -0.660366 -0.329438 0.481164
1403638208.01837 0.838962 9.669691 3.443334 -0.472912 -0.662152 -0.327918 0.479978
1403638208.08503 0.770166 9.619710 3.450402 -0.471985 -0.661579 -0.328485 0.481292
1403638208.15170 0.703422 9.568629 3.455534 -0.471545 -0.658880 -0.329361 0.484812
1403638208.21837 0.638961 9.517414 3.457803 -0.470309 -0.656263 -0.332069 0.487706
1403638208.28503 0.576655 9.465596 3.456491 -0.470270 -0.655155 -0.333884 0.487996
1403638208.35170 0.516217 9.413193 3.451771 -0.471467 -0.656079 -0.333737 0.485693
1403638208.41837 0.457672 9.360049 3.444216 -0.472793 -0.657778 -0.332720 0.482796
1403638208.48503 0.400648 9.306321 3.435816 -0.472624 -0.660190 -0.330628 0.481103
1403638208.55170 0.344884 9.252084 3.429154 -0.470393 -0.663444 -0.326799 0.481430
1403638208.61837 0.290532 9.197639 3.425435 -0.465295 -0.667729 -0.322940 0.483061
1403638208.68503 0.237617 9.143735 3.424827 -0.460084 -0.671280 -0.318648 0.485972
1403638208.75170 0.186605 9.090288 3.427513 -0.455870 -0.674060 -0.314006 0.489108
1403638208.81837 0.137828 9.037561 3.432609 -0.451304 -0.676205 -0.310817 0.492407
1403638208.88503 0.091074 8.985328 3.437341 -0.446695 -0.678551 -0.309267 0.494354
1403638208.95170 0.046017 8.933649 3.440362 -0.442422 -0.680479 -0.308543 0.495996
1403638209.01837 0.002945 8.881681 3.440222 -0.439820 -0.681826 -0.307246 0.497264
1403638209.08503 -0.038417 8.829507 3.437209 -0.438014 -0.682761 -0.305735 0.498505
1403638209.15170 -0.077950 8.776998 3.431191 -0.436832 -0.683881 -0.304532 0.498744
1403638209.21837 -0.115548 8.724063 3.422428 -0.436266 -0.684449 -0.303440 0.499125
1403638209.28503 -0.151550 8.670661 3.410979 -0.436290 -0.684596 -0.302158 0.499679
1403638209.35170 -0.185986 8.616966 3.396767 -0.436840 -0.684689 -0.300560 0.500035
1403638209.41837 -0.218839 8.562873 3.379958 -0.437126 -0.684349 -0.299613 0.500818
1403638209.48503 -0.249967 8.509318 3.360407 -0.436820 -0.683387 -0.299870 0.502244
1403638209.55170 -0.279499 8.456514 3.335990 -0.436096 -0.681891 -0.301138 0.504144
1403638209.61837 -0.307337 8.404061 3.303669 -0.436560 -0.680775 -0.301226 0.505196
1403638209.68503 -0.333529 8.351803 3.262853 -0.437791 -0.680709 -0.300588 0.504600
1403638209.75170 -0.357914 8.299876 3.213986 -0.437625 -0.681111 -0.301873 0.503432
1403638209.81837 -0.380750 8.248216 3.157501 -0.436330 -0.681752 -0.304461 0.502129
1403638209.88503 -0.402119 8.196271 3.095489 -0.434687 -0.681426 -0.307475 0.502160
1403638209.95170 -0.422038 8.143840 3.030559 -0.432873 -0.679811 -0.310421 0.504099
1403638210.01837 -0.440616 8.090676 2.964378 -0.430846 -0.677510 -0.313585 0.506967
1403638210.08503 -0.457747 8.036548 2.899292 -0.428866 -0.674750 -0.316426 0.510549
1403638210.15170 -0.473229 7.979484 2.837972 -0.427802 -0.671918 -0.317958 0.514212
1403638210.21837 -0.486775 7.920222 2.779809 -0.427052 -0.670021 -0.318821 0.516771
1403638210.28503 -0.497613 7.862399 2.722652 -0.427014 -0.669795 -0.318964 0.517006
1403638210.35170 -0.505803 7.801655 2.667255 -0.426754 -0.670278 -0.319552 0.516232
1403638210.41837 -0.511826 7.738384 2.611216 -0.427573 -0.670555 -0.318666 0.515743
1403638210.48503 -0.515846 7.673323 2.553600 -0.427876 -0.670016 -0.318281 0.516429
1403638210.55170 -0.517807 7.606653 2.493797 -0.427915 -0.669352 -0.318764 0.516958
1403638210.61837 -0.517824 7.538188 2.431577 -0.427885 -0.668318 -0.319367 0.517948
1403638210.68503 -0.515922 7.467396 2.367771 -0.428653 -0.667189 -0.318656 0.519205
1403638210.75170 -0.511348 7.393575 2.304935 -0.428982 -0.666681 -0.318611 0.519613
1403638210.81837 -0.504075 7.316333 2.244464 -0.429656 -0.666947 -0.317909 0.519145
1403638210.88503 -0.494384 7.236249 2.186562 -0.431593 -0.668264 -0.315193 0.517497
1403638210.95170 -0.482228 7.154659 2.131993 -0.433201 -0.670373 -0.312850 0.514841
1403638211.01836 -0.467512 7.070718 2.080513 -0.435004 -0.671821 -0.310183 0.513045
1403638211.08503 -0.450572 6.985078 2.032987 -0.436285 -0.673762 -0.308033 0.510701
1403638211.15170 -0.431846 6.899244 1.989788 -0.437854 -0.675047 -0.305530 0.509162
1403638211.21836 -0.411494 6.814007 1.949722 -0.438929 -0.676028 -0.303598 0.508091
1403638211.28503 -0.389582 6.729983 1.913181 -0.439687 -0.676592 -0.303515 0.506732
1403638211.35170 -0.365253 6.645991 1.879169 -0.442088 -0.675702 -0.304461 0.505261
1403638211.41836 -0.338657 6.561649 1.844080 -0.446402 -0.673214 -0.307202 0.503126
1403638211.48503 -0.309830 6.476486 1.807069 -0.452598 -0.669583 -0.310770 0.500236
1403638211.55170 -0.279059 6.391152 1.767894 -0.460270 -0.664351 -0.315134 0.497473
1403638211.61836 -0.246235 6.306215 1.726195 -0.469883 -0.657276 -0.319593 0.495034
1403638211.68503 -0.211090 6.221527 1.681615 -0.480855 -0.648635 -0.325502 0.492035
1403638211.75170 -0.173870 6.137577 1.634995 -0.493745 -0.639645 -0.331411 0.487070
1403638211.81836 -0.134332 6.054060 1.588122 -0.508289 -0.629005 -0.336668 0.482337
1403638211.88503 -0.092428 5.971503 1.543014 -0.522330 -0.617887 -0.342971 0.477239
1403638211.95170 -0.047733 5.889164 1.500701 -0.535602 -0.607471 -0.350168 0.470629
1403638212.01836 -0.000180 5.806695 1.461798 -0.547841 -0.597236 -0.357780 0.463867
1403638212.08503 0.050140 5.724424 1.425893 -0.558645 -0.587312 -0.366645 0.456675
1403638212.15170 0.103032 5.642758 1.393615 -0.568400 -0.578150 -0.376215 0.448470
1403638212.21836 0.158258 5.561217 1.365117 -0.577624 -0.568602 -0.386342 0.440206
1403638212.28503 0.215236 5.478899 1.340378 -0.587600 -0.558618 -0.394779 0.432228
1403638212.35170 0.273795 5.396368 1.318664 -0.596874 -0.549084 -0.403411 0.423684
1403638212.41836 0.334016 5.314832 1.299737 -0.605817 -0.539314 -0.412085 0.415104
1403638212.48503 0.395682 5.232427 1.285113 -0.614950 -0.528079 -0.419809 0.408325
1403638212.55170 0.458675 5.148931 1.273197 -0.625034 -0.516675 -0.425922 0.401211
1403638212.61836 0.522879 5.065418 1.263876 -0.634818 -0.505341 -0.432038 0.393674
1403638212.68503 0.588204 4.981120 1.257347 -0.644398 -0.493973 -0.438393 0.385427
1403638212.75170 0.654778 4.896667 1.254988 -0.653399 -0.483228 -0.445476 0.375648
1403638212.81836 0.722348 4.811581 1.255830 -0.662496 -0.470699 -0.452536 0.367087
1403638212.88503 0.790982 4.726237 1.258506 -0.672610 -0.457347 -0.458208 0.358435
1403638212.95170 0.860744 4.640919 1.263736 -0.682414 -0.443701 -0.464413 0.348943
1403638213.01836 0.931865 4.555905 1.272380 -0.692192 -0.429741 -0.470696 0.338583
1403638213.08503 1.004045 4.471019 1.283604 -0.702139 -0.414811 -0.476262 0.328795
1403638213.15170 1.076964 4.385832 1.294813 -0.713255 -0.398844 -0.479612 0.319631
1403638213.21836 1.150964 4.299993 1.304136 -0.725712 -0.383080 -0.480158 0.309905
1403638213.28503 1.226517 4.213717 1.310730 -0.739224 -0.366450 -0.478185 0.301001
1403638213.35170 1.304008 4.127232 1.314461 -0.752390 -0.349468 -0.475781 0.292257
1403638213.41836 1.384148 4.040695 1.315699 -0.764682 -0.331112 -0.473628 0.285136
1403638213.48503 1.468531 3.954153 1.314832 -0.774700 -0.312862 -0.473793 0.278348
1403638213.55170 1.557589 3.867595 1.311759 -0.780821 -0.297643 -0.478459 0.269822
1403638213.61836 1.651127 3.780977 1.308121 -0.780697 -0.287799 -0.490576 0.258879
1403638213.68503 1.747616 3.694082 1.305872 -0.776810 -0.281756 -0.505469 0.248357
1403638213.75170 1.846147 3.606721 1.305723 -0.772377 -0.278701 -0.518530 0.238509
1403638213.81836 1.945532 3.519196 1.307963 -0.769413 -0.277110 -0.527421 0.230304
1403638213.88503 2.045203 3.431736 1.312760 -0.767868 -0.276008 -0.532524 0.224981
1403638213.95170 2.144389 3.343925 1.319636 -0.767567 -0.276393 -0.534526 0.220748
1403638214.01836 2.242484 3.255685 1.328366 -0.768868 -0.277135 -0.533225 0.218424
1403638214.08503 2.339771 3.167616 1.338871 -0.771967 -0.279922 -0.528671 0.214982
1403638214.15170 2.436766 3.080237 1.351816 -0.775572 -0.282837 -0.522683 0.212823
1403638214.21836 2.533979 2.994699 1.366136 -0.778873 -0.286321 -0.516569 0.211029
1403638214.28503 2.631464 2.910852 1.379041 -0.781451 -0.289640 -0.511154 0.210151
1403638214.35170 2.729956 2.829235 1.389434 -0.783156 -0.293007 -0.506836 0.209598
1403638214.41836 2.830007 2.750081 1.397289 -0.783160 -0.296071 -0.505006 0.209694
1403638214.48503 2.931542 2.673448 1.403369 -0.780668 -0.297975 -0.506865 0.211792
1403638214.55169 3.034338 2.599135 1.407152 -0.776189 -0.299015 -0.511910 0.214639
1403638214.61836 3.137967 2.527046 1.408598 -0.771139 -0.299818 -0.517836 0.217485
1403638214.68503 3.241450 2.456518 1.407642 -0.766402 -0.300360 -0.523176 0.220679
1403638214.75169 3.344108 2.386847 1.404601 -0.761803 -0.300780 -0.528279 0.223853
1403638214.81836 3.445470 2.317656 1.399201 -0.758383 -0.301607 -0.531669 0.226311
1403638214.88503 3.545480 2.248790 1.391323 -0.755923 -0.302644 -0.533912 0.227870
1403638214.95169 3.644317 2.180384 1.380799 -0.754040 -0.303297 -0.535567 0.229352
1403638215.01836 3.741879 2.112475 1.367816 -0.753057 -0.303973 -0.536181 0.230251
1403638215.08503 3.837961 2.044786 1.352753 -0.752540 -0.305076 -0.536340 0.230112
1403638215.15169 3.932359 1.977040 1.335753 -0.752569 -0.305947 -0.535884 0.229923
1403638215.21836 4.025229 1.909279 1.316876 -0.753309 -0.307285 -0.534761 0.228324
1403638215.28503 4.116895 1.841901 1.296904 -0.753951 -0.309344 -0.533945 0.225317
1403638215.35169 4.207265 1.775252 1.276320 -0.754021 -0.311253 -0.533983 0.222342
1403638215.41836 4.296181 1.709736 1.256794 -0.753152 -0.313269 -0.535315 0.219232
1403638215.48503 4.383017 1.645364 1.240542 -0.752454 -0.314690 -0.536242 0.217319
1403638215.55169 4.467291 1.582183 1.227897 -0.751793 -0.314874 -0.537229 0.216902
1403638215.61836 4.548905 1.520165 1.218694 -0.750608 -0.314305 -0.538907 0.217667
1403638215.68503 4.627565 1.459256 1.212072 -0.750710 -0.312938 -0.538828 0.219474
1403638215.75169 4.703500 1.399428 1.206686 -0.751425 -0.310782 -0.538069 0.221939
1403638215.81836 4.777435 1.339962 1.200188 -0.752672 -0.307402 -0.537922 0.222775
1403638215.88503 4.849319 1.280565 1.191376 -0.754248 -0.303933 -0.538096 0.221784
1403638215.95169 4.919501 1.221391 1.180338 -0.755097 -0.300931 -0.539003 0.220783
1403638216.01836 4.988306 1.162349 1.167019 -0.756106 -0.298455 -0.539414 0.219681
1403638216.08503 5.056047 1.103969 1.152728 -0.756518 -0.296913 -0.540466 0.217759
1403638216.15169 5.122123 1.046230 1.139813 -0.757122 -0.295854 -0.540873 0.216086
1403638216.21836 5.186103 0.988836 1.129785 -0.756837 -0.294938 -0.542374 0.214570
1403638216.28503 5.248308 0.932003 1.122914 -0.756292 -0.294373 -0.544077 0.212950
1403638216.35169 5.308884 0.876051 1.118956 -0.755736 -0.293627 -0.545507 0.212292
1403638216.41836 5.367230 0.820580 1.118209 -0.755078 -0.293013 -0.546939 0.211797
1403638216.48503 5.423024 0.765582 1.119466 -0.755039 -0.292540 -0.547372 0.211471
1403638216.55169 5.476412 0.710896 1.119689 -0.755282 -0.292817 -0.547349 0.210278
1403638216.61836 5.527494 0.656420 1.117195 -0.755797 -0.293984 -0.546952 0.207818
1403638216.68503 5.576474 0.602447 1.111269 -0.756574 -0.295427 -0.546018 0.205385
1403638216.75169 5.623667 0.549361 1.102455 -0.756264 -0.296493 -0.546511 0.203671
1403638216.81836 5.668914 0.497318 1.092093 -0.754575 -0.295218 -0.549999 0.202396
1403638216.88503 5.711755 0.446113 1.079944 -0.753683 -0.291394 -0.553816 0.200849
1403638216.95169 5.751965 0.395191 1.066330 -0.754934 -0.285548 -0.555937 0.198672
1403638217.01836 5.789560 0.344182 1.050885 -0.758224 -0.277597 -0.556203 0.196660
1403638217.08503 5.824629 0.292977 1.033489 -0.763133 -0.268788 -0.555103 0.192982
1403638217.15169 5.857651 0.241837 1.014667 -0.768075 -0.259940 -0.554075 0.188394
1403638217.21836 5.889105 0.191306 0.994879 -0.772222 -0.252787 -0.553415 0.183040
1403638217.28503 5.919230 0.141945 0.976401 -0.775363 -0.247310 -0.553083 0.178185
1403638217.35169 5.947992 0.093679 0.960860 -0.777753 -0.243279 -0.552929 0.173737
1403638217.41836 5.975051 0.046276 0.948927 -0.779672 -0.240122 -0.552693 0.170246
1403638217.48503 6.000799 -0.000381 0.940967 -0.780768 -0.238422 -0.552983 0.166634
1403638217.55169 6.025797 -0.045972 0.936774 -0.781328 -0.238723 -0.553533 0.161676
1403638217.61836 6.049605 -0.090206 0.936153 -0.781187 -0.240159 -0.554512 0.156802
1403638217.68503 6.072045 -0.132597 0.939029 -0.780592 -0.242744 -0.555689 0.151533
1403638217.75169 6.092598 -0.172979 0.945299 -0.780312 -0.245728 -0.556091 0.146607
1403638217.81836 6.110614 -0.210893 0.954591 -0.780065 -0.248734 -0.556145 0.142595
1403638217.88503 6.126578 -0.245593 0.965675 -0.779488 -0.250164 -0.556635 0.141332
1403638217.95169 6.140887 -0.277070 0.976082 -0.777580 -0.251632 -0.558793 0.140718
1403638218.01836 6.153329 -0.305542 0.983928 -0.775963 -0.252332 -0.560489 0.141638
1403638218.08502 6.163744 -0.331206 0.989024 -0.774574 -0.253137 -0.561899 0.142218
1403638218.15169 6.172133 -0.354172 0.991438 -0.773664 -0.252676 -0.562786 0.144464
1403638218.21836 6.178109 -0.374817 0.991404 -0.771710 -0.252853 -0.564904 0.146330
1403638218.28502 6.181611 -0.393218 0.989430 -0.769151 -0.252727 -0.567717 0.149109
1403638218.35169 6.182326 -0.409459 0.986959 -0.767597 -0.250863 -0.569278 0.154227
1403638218.41836 6.179800 -0.424063 0.986247 -0.767556 -0.249447 -0.568744 0.158631
1403638218.48502 6.174500 -0.437211 0.988767 -0.768051 -0.248638 -0.567607 0.161552
1403638218.55169 6.166482 -0.449060 0.995154 -0.768933 -0.248833 -0.566070 0.162447
1403638218.61836 6.155400 -0.460318 1.004586 -0.770215 -0.248531 -0.564036 0.163901
1403638218.68502 6.141997 -0.471387 1.014481 -0.773122 -0.248139 -0.560257 0.163773
1403638218.75169 6.126966 -0.482353 1.023140 -0.777114 -0.246697 -0.556206 0.160839
1403638218.81836 6.111076 -0.492457 1.030090 -0.781028 -0.243469 -0.553327 0.156676
1403638218.88502 6.094436 -0.501184 1.034641 -0.784209 -0.238665 -0.551639 0.154112
1403638218.95169 6.077157 -0.507963 1.036767 -0.787500 -0.230154 -0.549438 0.158086
1403638219.01836 6.059776 -0.513617 1.036803 -0.790100 -0.220934 -0.547778 0.163917
1403638219.08502 6.042834 -0.518998 1.035260 -0.791525 -0.213184 -0.547329 0.168736
1403638219.15169 6.026762 -0.524806 1.032791 -0.791291 -0.209410 -0.549001 0.169127
1403638219.21836 6.011190 -0.531633 1.029602 -0.788583 -0.209142 -0.554038 0.165646
1403638219.28502 5.995576 -0.539269 1.025263 -0.784267 -0.209562 -0.561009 0.162104
1403638219.35169 5.979250 -0.547295 1.020078 -0.779436 -0.209791 -0.568284 0.159752
1403638219.41836 5.962280 -0.555766 1.016361 -0.774046 -0.209167 -0.575949 0.159329
1403638219.48502 5.943778 -0.564910 1.014401 -0.770614 -0.209219 -0.580727 0.158546
1403638219.55169 5.923004 -0.574934 1.014421 -0.770322 -0.208860 -0.581094 0.159096
1403638219.61836 5.899849 -0.586162 1.016518 -0.772075 -0.207883 -0.578676 0.160681
1403638219.68502 5.873978 -0.598334 1.019522 -0.774599 -0.206169 -0.575121 0.163484
1403638219.75169 5.845700 -0.611927 1.021760 -0.777635 -0.204329 -0.570770 0.166597
1403638219.81836 5.815834 -0.627121 1.021994 -0.781095 -0.201728 -0.565714 0.170774
1403638219.88502 5.785186 -0.644176 1.019789 -0.784267 -0.198794 -0.561019 0.175110
1403638219.95169 5.754519 -0.663308 1.015005 -0.787085 -0.196093 -0.556801 0.178935
1403638220.01836 5.724372 -0.684826 1.007804 -0.789483 -0.194522 -0.553163 0.181352
1403638220.08502 5.695370 -0.708888 0.998952 -0.791129 -0.194363 -0.550803 0.181529
1403638220.15169 5.668202 -0.735410 0.990697 -0.791651 -0.197056 -0.550333 0.177738
1403638220.21836 5.643338 -0.763913 0.985233 -0.790850 -0.202830 -0.552052 0.169278
1403638220.28502 5.619315 -0.793610 0.982882 -0.790068 -0.209524 -0.553583 0.159493
1403638220.35169 5.595224 -0.823573 0.984077 -0.788968 -0.214216 -0.555303 0.152574
1403638220.41836 5.569956 -0.853453 0.988124 -0.788425 -0.216669 -0.556196 0.148618
1403638220.48502 5.544224 -0.882691 0.994797 -0.787897 -0.217984 -0.556977 0.146555
1403638220.55169 5.518209 -0.911131 1.003529 -0.787507 -0.217911 -0.557717 0.145942
1403638220.61836 5.492319 -0.938558 1.011998 -0.787558 -0.217389 -0.558038 0.145218
1403638220.68502 5.466095 -0.964907 1.018222 -0.787509 -0.216650 -0.558498 0.144821
1403638220.75169 5.439502 -0.990424 1.021522 -0.787993 -0.215637 -0.558229 0.144732
1403638220.81836 5.412511 -1.015192 1.021985 -0.788216 -0.214289 -0.558273 0.145354
1403638220.88502 5.385538 -1.039442 1.019514 -0.788633 -0.213639 -0.558015 0.145037
1403638220.95169 5.358401 -1.062978 1.013844 -0.789619 -0.212602 -0.556986 0.145154
1403638221.01836 5.331172 -1.085726 1.005600 -0.790233 -0.212130 -0.556373 0.144852
1403638221.08502 5.303644 -1.107593 0.995705 -0.790758 -0.211685 -0.555894 0.144476
1403638221.15169 5.275793 -1.128668 0.986195 -0.791597 -0.211561 -0.554935 0.143747
1403638221.21836 5.247916 -1.148857 0.979394 -0.792723 -0.211337 -0.553478 0.143488
1403638221.28502 5.220122 -1.168189 0.976029 -0.793986 -0.210571 -0.551836 0.143958
1403638221.35169 5.192237 -1.186968 0.975410 -0.795360 -0.209669 -0.550048 0.144531
1403638221.41835 5.164986 -1.205036 0.976146 -0.796334 -0.208232 -0.548829 0.145867
1403638221.48502 5.138417 -1.222372 0.975873 -0.797097 -0.206972 -0.547876 0.147073
1403638221.55169 5.112565 -1.239366 0.973167 -0.797413 -0.205694 -0.547545 0.148380
1403638221.61835 5.087624 -1.256064 0.968386 -0.797204 -0.204728 -0.548040 0.149014
1403638221.68502 5.063864 -1.272430 0.962105 -0.795988 -0.203679 -0.549839 0.150319
1403638221.75169 5.041021 -1.288508 0.955616 -0.794915 -0.202175 -0.551342 0.152504
1403638221.81835 5.018757 -1.304678 0.950882 -0.794186 -0.201739 -0.552271 0.153513
1403638221.88502 4.997218 -1.321028 0.949703 -0.792801 -0.202779 -0.554141 0.152561
1403638221.95169 4.975911 -1.337836 0.952142 -0.791360 -0.204680 -0.556066 0.150490
1403638222.01835 4.954793 -1.354858 0.957740 -0.790782 -0.206378 -0.556819 0.148406
1403638222.08502 4.933698 -1.371659 0.965031 -0.791394 -0.208253 -0.555943 0.145788
1403638222.15169 4.912451 -1.388206 0.971406 -0.793441 -0.209431 -0.553051 0.143961
1403638222.21835 4.891184 -1.404265 0.975699 -0.795791 -0.210181 -0.549746 0.142548
1403638222.28502 4.870365 -1.419444 0.977782 -0.798205 -0.210089 -0.546370 0.142169
1403638222.35169 4.850463 -1.433764 0.977697 -0.800459 -0.210612 -0.543113 0.141195
1403638222.41835 4.831814 -1.447089 0.975594 -0.802359 -0.210921 -0.540376 0.140452
1403638222.48502 4.814453 -1.459084 0.971606 -0.803565 -0.211343 -0.538558 0.139899
1403638222.55169 4.798600 -1.469888 0.966449 -0.802318 -0.210832 -0.540391 0.140761
1403638222.61835 4.784309 -1.479444 0.960255 -0.798979 -0.209439 -0.545293 0.142909
1403638222.68502 4.770959 -1.488144 0.952470 -0.796014 -0.207946 -0.549594 0.145142
1403638222.75169 4.758160 -1.496419 0.943142 -0.794012 -0.207617 -0.552480 0.145625
1403638222.81835 4.745554 -1.504167 0.932698 -0.792372 -0.207223 -0.554810 0.146255
1403638222.88502 4.733116 -1.511258 0.921997 -0.788356 -0.206613 -0.560396 0.147519
1403638222.95169 4.720240 -1.518060 0.910751 -0.784313 -0.205121 -0.565905 0.150101
1403638223.01835 4.706333 -1.525249 0.899692 -0.783560 -0.204749 -0.566847 0.150983
1403638223.08502 4.690994 -1.532998 0.891318 -0.785348 -0.205726 -0.564349 0.149717
1403638223.15169 4.673773 -1.541588 0.885395 -0.790228 -0.206999 -0.557604 0.147541
1403638223.21835 4.656102 -1.550140 0.880854 -0.797258 -0.206816 -0.547643 0.147287
1403638223.28502 4.639261 -1.558125 0.877520 -0.802457 -0.206165 -0.540104 0.147807
1403638223.35169 4.624013 -1.565456 0.875075 -0.803149 -0.204733 -0.539168 0.149443
1403638223.41835 4.610214 -1.572460 0.871674 -0.802198 -0.201281 -0.540556 0.154153
1403638223.48502 4.598091 -1.579581 0.867427 -0.800866 -0.195744 -0.542283 0.161948
1403638223.55169 4.587780 -1.587845 0.862178 -0.799657 -0.192473 -0.543836 0.166567
1403638223.61835 4.579242 -1.597763 0.856387 -0.797800 -0.194443 -0.546739 0.163657
1403638223.68502 4.572149 -1.608949 0.849944 -0.795922 -0.198909 -0.549799 0.157051
1403638223.75169 4.565955 -1.620694 0.842801 -0.794530 -0.203920 -0.551987 0.149830
1403638223.81835 4.559935 -1.632536 0.834911 -0.793647 -0.207669 -0.553330 0.144305
1403638223.88502 4.553715 -1.644108 0.826579 -0.793128 -0.210132 -0.554018 0.140910
1403638223.95169 4.547467 -1.654855 0.817856 -0.792391 -0.212288 -0.555034 0.137797
1403638224.01835 4.540905 -1.664653 0.808010 -0.793189 -0.213584 -0.553806 0.136135
1403638224.08502 4.533904 -1.673404 0.797004 -0.795810 -0.214278 -0.549957 0.135345
1403638224.15169 4.526840 -1.680910 0.785044 -0.799970 -0.214911 -0.543852 0.134489
1403638224.21835 4.520588 -1.686538 0.773689 -0.802858 -0.215068 -0.539588 0.134196
1403638224.28502 4.515472 -1.690150 0.764194 -0.802373 -0.214732 -0.540276 0.134868
1403638224.35169 4.511384 -1.691851 0.756106 -0.799116 -0.212880 -0.545201 0.137298
1403638224.41835 4.507987 -1.691810 0.747836 -0.796378 -0.208656 -0.549350 0.143034
1403638224.48502 4.505061 -1.690921 0.739614 -0.792354 -0.205003 -0.555099 0.148371
1403638224.55169 4.502055 -1.690062 0.731471 -0.788752 -0.204240 -0.560158 0.149597
1403638224.61835 4.498421 -1.689337 0.722554 -0.788955 -0.205444 -0.559788 0.148256
1403638224.68502 4.493881 -1.688963 0.712795 -0.793773 -0.207401 -0.552997 0.145272
1403638224.75169 4.489101 -1.688320 0.703718 -0.800078 -0.209468 -0.543887 0.142080
1403638224.81835 4.485327 -1.686346 0.697406 -0.802805 -0.210061 -0.539901 0.141012
1403638224.88502 4.482881 -1.682541 0.694142 -0.800797 -0.207316 -0.542762 0.145443
1403638224.95168 4.481621 -1.677781 0.692940 -0.797109 -0.202611 -0.547913 0.152832
1403638225.01835 4.481183 -1.673115 0.693167 -0.793712 -0.198721 -0.552398 0.159334
1403638225.08502 4.481584 -1.669573 0.694346 -0.791445 -0.198404 -0.555387 0.160610
1403638225.15168 4.482410 -1.667503 0.696409 -0.791128 -0.201468 -0.555703 0.157229
1403638225.21835 4.483080 -1.666507 0.698819 -0.793775 -0.205540 -0.551790 0.152320
1403638225.28502 4.483955 -1.665797 0.701969 -0.797171 -0.209044 -0.546726 0.148020
1403638225.35168 4.485669 -1.664588 0.706036 -0.797436 -0.210755 -0.546290 0.145756
1403638225.41835 4.488310 -1.662482 0.708881 -0.795064 -0.210982 -0.549637 0.145805
1403638225.48502 4.491460 -1.659793 0.709160 -0.789435 -0.209926 -0.557719 0.147216
1403638225.55168 4.494360 -1.657117 0.706741 -0.782447 -0.208481 -0.567468 0.149306
1403638225.61835 4.496219 -1.654830 0.701641 -0.775506 -0.206912 -0.576930 0.151426
1403638225.68502 4.495876 -1.653370 0.691766 -0.772872 -0.206621 -0.580440 0.151877
1403638225.75168 4.492830 -1.652948 0.676240 -0.775669 -0.207741 -0.576647 0.150528
1403638225.81835 4.487432 -1.653114 0.656179 -0.782335 -0.209741 -0.567576 0.147709
1403638225.88502 4.480853 -1.653300 0.632789 -0.790019 -0.212403 -0.556814 0.143921
1403638225.95168 4.473880 -1.652866 0.607360 -0.796235 -0.213771 -0.547856 0.142007
1403638226.01835 4.466422 -1.649777 0.584782 -0.804592 -0.217336 -0.534740 0.139464
1403638226.08502 4.462334 -1.642189 0.584335 -0.807640 -0.208844 -0.529570 0.153812
1403638226.15168 4.463354 -1.633291 0.588109 -0.809277 -0.205656 -0.526317 0.160521
1403638226.21835 4.464033 -1.625401 0.581192 -0.808724 -0.214368 -0.527284 0.148270
1403638226.28502 4.460220 -1.621436 0.576645 -0.803898 -0.212673 -0.536158 0.145096
1403638226.35168 4.458036 -1.618470 0.575707 -0.802824 -0.218878 -0.536590 0.140134
1403638226.41835 4.458375 -1.617766 0.576219 -0.802991 -0.218061 -0.536424 0.141081
1403638226.48502 4.458494 -1.617429 0.576889 -0.803368 -0.217638 -0.535990 0.141239
1403638226.55168 4.458235 -1.617116 0.576899 -0.802864 -0.218012 -0.536742 0.140672
1403638226.61835 4.458003 -1.616923 0.577012 -0.802953 -0.217924 -0.536573 0.140942
1403638226.68502 4.458177 -1.617013 0.576899 -0.803221 -0.217929 -0.536210 0.140791
1403638226.75168 4.458128 -1.617007 0.576880 -0.803337 -0.217855 -0.536025 0.140945
1403638226.81835 4.457974 -1.616972 0.576682 -0.803152 -0.217885 -0.536298 0.140915
1403638226.88502 4.458015 -1.617073 0.576612 -0.803193 -0.217980 -0.536237 0.140771
1403638226.95168 4.458079 -1.617012 0.576625 -0.803348 -0.217766 -0.536015 0.141058
1403638227.01835 4.457919 -1.617092 0.576439 -0.803295 -0.217896 -0.536115 0.140781
1403638227.08502 4.457801 -1.617028 0.576319 -0.803402 -0.217588 -0.535990 0.141121
1403638227.15168 4.458001 -1.617077 0.576295 -0.803409 -0.217774 -0.535969 0.140875
1403638227.21835 4.457914 -1.617121 0.576155 -0.803428 -0.217731 -0.535912 0.141048
1403638227.28502 4.457972 -1.617095 0.576078 -0.803440 -0.217807 -0.535881 0.140983
1403638227.35168 4.457887 -1.617017 0.576078 -0.803468 -0.217716 -0.535851 0.141078
1403638227.41835 4.457910 -1.616963 0.576040 -0.803494 -0.217745 -0.535806 0.141055
1403638227.48502 4.457893 -1.616930 0.576110 -0.803481 -0.217748 -0.535831 0.141032
1403638227.55168 4.457721 -1.616970 0.576178 -0.803494 -0.217747 -0.535800 0.141078
